!C:\2020\Myanmar\Data\GTI\GTI_WS72_10m_auto_UBC.dat
0 30 10 20 2.29535 0.030084
0 50 20 30 0.340121 10.7468
0 70 30 40 0.380403 0.29144
0 90 40 50 0.234449 1.3014
0 110 50 60 0.137852 0.22318
0 130 60 70 0.101462 0.836987
0 100 40 60 0.361375 0.0280488
0 140 60 80 0.182099 0.073692
0 160 70 90 0.135116 0.0292609
0 180 80 100 0.0899471 0.275907
0 200 90 110 0.0726829 0.032112
0 220 100 120 0.0610602 0.578369
0 240 110 130 0.052399 0.149208
0 210 90 120 0.0975508 0.0770776
0 250 110 140 0.0737329 0.0413292
0 270 120 150 0.0645798 0.0772659
0 290 130 160 0.0571848 0.0794495
0 310 140 170 0.0530554 1.28514
0 330 150 180 0.043604 0.382442
0 350 160 190 0.0374811 0.779942
0 320 140 180 0.0635692 1.25819
0 360 160 200 0.0478716 0.0368592
0 380 170 210 0.0423863 0.44325
0 400 180 220 0.0375862 1.22408
0 420 190 230 0.0302575 0.360061
0 440 200 240 0.0274948 2.45442
0 460 210 250 0.0293217 1.02409
0 430 190 240 0.0336482 0.154014
0 470 210 260 0.0361022 0.318205
0 490 220 270 0.0322111 0.668064
0 510 230 280 0.0322403 0.181089
0 530 240 290 0.0323067 0.257001
0 550 250 300 0.0269222 1.24819
0 570 260 310 0.0253396 0.440629
0 540 240 300 0.0354035 0.183664
0 580 260 320 0.0270607 0.635535
0 600 270 330 0.0221847 0.0426661
0 620 280 340 0.0208677 0.308801
0 640 290 350 0.0196623 0.0767261
0 660 300 360 0.0212737 0.889257
0 680 310 370 0.0166031 0.795132
0 650 290 360 0.0257678 2.8168
0 670 300 370 0.0228638 1.15092
0 690 310 380 0.0178395 0.598944
0 710 320 390 0.0174866 0.0534355
10 40 20 30 4.1423 0.0471508
10 60 30 40 0.408087 3.93123
10 80 40 50 0.461884 0.306323
10 100 50 60 0.241341 0.699947
10 120 60 70 0.151679 0.491505
10 140 70 80 0.099024 0.688341
10 110 50 70 0.366436 0.0342591
10 150 70 90 0.177525 0
10 170 80 100 0.131067 0.0474201
10 190 90 110 0.0919226 0.414148
10 210 100 120 0.0738104 0
10 230 110 130 0.0608941 0.576675
10 250 120 140 0.052679 0.0546698
10 220 100 130 0.0998617 0.161485
10 260 120 150 0.0737597 0.0435829
10 280 130 160 0.0643398 0.0562404
10 300 140 170 0.0571487 0.162822
10 320 150 180 0.0530469 0.0662389
10 340 160 190 0.0432249 0.848855
10 360 170 200 0.0374139 0.0494491
10 330 150 190 0.0629729 0.236619
10 370 170 210 0.0473966 0.273297
10 390 180 220 0.0422773 0.155563
10 410 190 230 0.0376332 1.75731
10 430 200 240 0.0307838 0.118581
10 450 210 250 0.0280488 0.768854
10 470 220 260 0.0295081 0.295498
10 440 200 250 0.0336621 0.270687
10 480 220 270 0.0370997 0.102261
10 500 230 280 0.0320704 0.487277
10 520 240 290 0.0321908 0.630074
10 540 250 300 0.0318852 0.0271048
10 560 260 310 0.0268997 0.883082
10 580 270 320 0.0253371 0
10 550 250 310 0.0351803 0.574085
10 590 270 330 0.0270607 0.120906
10 610 280 340 0.0221847 0.214701
10 630 290 350 0.0208677 0.0437717
10 650 300 360 0.0196623 3.49154
10 670 310 370 0.0212737 1.35158
10 690 320 380 0.0166031 0.183859
10 660 300 370 0.0257678 0.0427782
10 680 310 380 0.0228638 0.872073
10 700 320 390 0.0178395 0.112337
20 50 30 40 3.38926 0.0288135
20 70 40 50 0.784789 2.02233
20 90 50 60 0.461884 0.515869
20 110 60 70 0.24134 0.892022
20 130 70 80 0.16362 0.76854
20 150 80 90 0.0941471 0.326254
20 120 60 80 0.373183 0
20 160 80 100 0.171749 0
20 180 90 110 0.128133 0.0570676
20 200 100 120 0.0944144 0.490881
20 220 110 130 0.0746322 0.132878
20 240 120 140 0.0614083 1.42409
20 260 130 150 0.0528063 0.03174
20 230 110 140 0.100871 0.135448
20 270 130 160 0.0738487 0
20 290 140 170 0.0641043 0.223264
20 310 150 180 0.0570124 2.50864
20 330 160 190 0.0530012 0
20 350 170 200 0.0429863 0.226132
20 370 180 210 0.037294 1.20599
20 340 160 200 0.0621668 0.185038
20 380 180 220 0.0466659 1.35596
20 400 190 230 0.0422151 3.12087
20 420 200 240 0.0377065 0.0485645
20 440 210 250 0.0307838 0.14638
20 460 220 260 0.0285832 0.0711225
20 480 230 270 0.0299004 0.13721
20 450 210 260 0.0339113 0.207296
20 490 230 280 0.0375191 0.822541
20 510 240 290 0.0320373 0.61285
20 530 250 300 0.0320672 0.869644
20 550 260 310 0.0315573 0.231247
20 570 270 320 0.0268822 0.608857
20 590 280 330 0.0253352 0.656225
20 560 260 320 0.0350066 0.0824414
20 600 280 340 0.0270607 0.259219
20 620 290 350 0.0221847 0.426485
20 640 300 360 0.0208677 0.706436
20 660 310 370 0.0196623 0.984642
20 680 320 380 0.0212737 0.391347
20 700 330 390 0.0166031 0.0612871
20 670 310 380 0.0257678 0.36441
20 690 320 390 0.0228638 0.0571997
20 710 330 400 0.0178395 0.109035
30 60 40 50 3.95181 0
30 80 50 60 0.784789 0.795383
30 100 60 70 0.270813 0.588576
30 120 70 80 0.259538 0.731863
30 140 80 90 0.166343 0.44005
30 160 90 100 0.0947309 0.386744
30 130 70 90 0.396079 0.0324175
30 170 90 110 0.170068 0.0339508
30 190 100 120 0.127951 0
30 210 110 130 0.0975752 0.778297
30 230 120 140 0.0761455 0.0247995
30 250 130 150 0.0628512 0.531296
30 270 140 160 0.0533561 0.0315075
30 240 120 150 0.101851 0.249739
30 280 140 170 0.0739859 0.34341
30 300 150 180 0.0638714 0.204795
30 320 160 190 0.0570113 0.0649407
30 340 170 200 0.0525417 0.160163
30 360 180 210 0.0428277 0.53922
30 380 190 220 0.0372669 2.40114
30 350 170 210 0.0619939 0.19437
30 390 190 230 0.0460413 2.99011
30 410 200 240 0.0422264 2.74573
30 430 210 250 0.0377964 0.164765
30 450 220 260 0.0312877 1.28964
30 470 230 270 0.0291047 0
30 490 240 280 0.029981 5.24624
30 460 220 270 0.0343075 0.242069
30 500 240 290 0.0375531 1.24241
30 520 250 300 0.0319471 4.08382
30 540 260 310 0.0319671 1.05143
30 560 270 320 0.0312951 0.420657
30 580 280 330 0.0268681 0.0551203
30 600 290 340 0.0253337 0.10438
30 570 270 330 0.0348677 0.261018
30 610 290 350 0.0270607 1.14977
30 630 300 360 0.0221847 0.133691
30 670 320 380 0.0196623 0.581415
30 690 330 390 0.0212737 0.194091
30 710 340 400 0.0166031 0.155784
30 680 320 390 0.0257678 0.0554012
30 700 330 400 0.0228638 0.392417
40 70 50 60 5.12822 0.0269307
40 90 60 70 0.677899 3.50534
40 110 70 80 0.270813 1.06121
40 130 80 90 0.263952 0.502646
40 150 90 100 0.159848 0.546819
40 170 100 110 0.0953904 0.94518
40 140 80 100 0.4156 0.0329
40 180 100 120 0.169641 0.029732
40 200 110 130 0.130442 0.0655075
40 220 120 140 0.0978492 1.74072
40 240 130 150 0.0755263 0.108775
40 260 140 160 0.0633202 0.277257
40 280 150 170 0.0534376 0.304047
40 250 130 160 0.103322 0.132308
40 290 150 180 0.0737115 0.038955
40 310 160 190 0.0638714 0.846955
40 330 170 200 0.0570113 0.0461683
40 350 180 210 0.0522458 0.128995
40 370 190 220 0.0422519 0.460316
40 390 200 230 0.03719 0.466494
40 360 180 220 0.0606975 0.0390605
40 400 200 240 0.0456236 0.926339
40 420 210 250 0.0422866 0.0338177
40 440 220 260 0.0379075 0.409435
40 460 230 270 0.0317305 0.0934717
40 480 240 280 0.0294267 0.386296
40 500 250 290 0.0300456 0.0840451
40 470 230 280 0.0346434 0.896582
40 510 250 300 0.0378433 0.602536
40 530 260 310 0.031817 0.214162
40 550 270 320 0.0318835 1.32641
40 570 280 330 0.0310805 0.0985013
40 590 290 340 0.0268567 1.81772
40 610 300 350 0.0253325 0.65936
40 580 280 340 0.034754 1.85363
40 620 300 360 0.0270607 0.46265
40 660 320 380 0.0208677 0.334641
40 680 330 390 0.0196623 0.642929
40 700 340 400 0.0212737 0.0578887
40 690 330 400 0.0257678 0.305162
40 710 340 410 0.0228638 0.0782069
50 80 60 70 7.3384 0
50 100 70 80 0.677899 8.0257
50 120 80 90 0.678945 0.447063
50 140 90 100 0.268366 1.04539
50 160 100 110 0.159703 0.371183
50 180 110 120 0.0958437 0.475474
50 150 90 110 0.435122 0
50 190 110 130 0.169641 0.0388817
50 210 120 140 0.130442 0.0375464
50 230 130 150 0.0978492 1.21096
50 250 140 160 0.0758171 0.0479676
50 270 150 170 0.0642808 0.218997
50 290 160 180 0.0534784 0.142258
50 260 140 170 0.10604 0.20105
50 300 160 190 0.0733642 0.192849
50 320 170 200 0.0638417 0.131568
50 340 180 210 0.0570285 2.05612
50 360 190 220 0.0511971 0.617925
50 380 200 230 0.0419218 0.293642
50 400 210 240 0.0370782 0.0572687
50 370 190 230 0.0598757 0.323261
50 410 210 250 0.0450059 0.473997
50 430 220 260 0.0422384 0.142737
50 450 230 270 0.0380443 3.41819
50 470 240 280 0.0324851 0.969896
50 490 250 290 0.0296036 1.80763
50 510 260 300 0.030282 0.506614
50 480 240 290 0.0350478 1.43651
50 520 260 310 0.0378416 0.755452
50 540 270 320 0.0316957 0.862562
50 560 280 330 0.0318152 1.22958
50 580 290 340 0.0309017 2.55669
50 600 300 350 0.0268471 0.572994
50 620 310 360 0.0253315 0.905346
50 590 290 350 0.0346593 0
50 630 310 370 0.0270607 0.514063
50 650 320 380 0.0221847 0.966565
50 670 330 390 0.0208677 0.126867
50 690 340 400 0.0196623 0.46038
50 710 350 410 0.0212737 0.2342
50 700 340 410 0.0257678 0.554711
60 90 70 80 3.49383 0
60 110 80 90 1.42679 0.677382
60 130 90 100 0.678945 0.76787
60 150 100 110 0.26289 1.69464
60 170 110 120 0.158993 1.33375
60 190 120 130 0.0961256 0.589724
60 160 100 120 0.420782 0
60 200 120 140 0.167095 0.0577547
60 220 130 150 0.130525 0.073983
60 240 140 160 0.0965428 2.0082
60 260 150 170 0.0772606 0.0480345
60 280 160 180 0.0658552 0.295542
60 300 170 190 0.0534784 0.0970858
60 270 150 180 0.107399 0.0334219
60 310 170 200 0.0730898 2.0208
60 330 180 210 0.0638417 0.295119
60 350 190 220 0.0568017 1.71669
60 370 200 230 0.0505696 0.980881
60 390 210 240 0.0417446 0.251648
60 410 220 250 0.0370224 0
60 380 200 240 0.0595738 0.405352
60 420 220 260 0.0443578 0.216815
60 440 230 270 0.0422657 0.100672
60 460 240 280 0.0381527 0.0397104
60 500 260 300 0.0301878 0.293842
60 520 270 310 0.0306915 0.684331
60 490 250 300 0.0354566 1.03952
60 530 270 320 0.0381958 0.618189
60 550 280 330 0.0316851 0
60 570 290 340 0.031812 0.961636
60 590 300 350 0.0307503 0.276806
60 610 310 360 0.026839 1.75025
60 630 320 370 0.0253306 0.206535
60 600 300 360 0.0345792 0.721722
60 640 320 380 0.0270607 0.307527
60 660 330 390 0.0221847 0.0342083
60 680 340 400 0.0208677 0.288758
60 700 350 410 0.0196623 0.137918
60 710 350 420 0.0257678 0.180273
70 100 80 90 9.13793 0.0427476
70 120 90 100 1.42679 1.5174
70 140 100 110 0.461639 0.400153
70 160 110 120 0.257413 0.692045
70 180 120 130 0.158072 0.482741
70 200 130 140 0.0961642 0.641283
70 170 110 130 0.406442 0.0323433
70 210 130 150 0.169641 0.0349306
70 230 140 160 0.130608 0.208857
70 250 150 170 0.0965428 0.193566
70 270 160 180 0.0785587 0.151691
70 290 170 190 0.0668159 0.434027
70 310 180 200 0.0536253 1.45182
70 280 160 190 0.109135 0.097654
70 320 180 210 0.0731627 0.144694
70 340 190 220 0.0635811 0.143111
70 360 200 230 0.0565922 0.124447
70 380 210 240 0.0496126 0.851522
70 400 220 250 0.0415957 0.590008
70 420 230 260 0.0369106 0.225424
70 390 210 250 0.0583551 0.258479
70 430 230 270 0.0437401 0.0585052
70 450 240 280 0.0423686 0.455051
70 470 250 290 0.0382937 0.273324
70 490 260 300 0.0337347 0.0619559
70 510 270 310 0.030731 1.40319
70 530 280 320 0.0310753 0.089818
70 500 260 310 0.0358762 0.414572
70 540 280 330 0.0385355 0.31035
70 560 290 340 0.0316704 0.613077
70 580 300 350 0.0318088 0.0981107
70 600 310 360 0.0301077 0.709095
70 620 320 370 0.026727 0.631588
70 640 330 380 0.0253201 0.30026
70 610 310 370 0.0343034 2.8845
70 650 330 390 0.0270607 0.514287
70 670 340 400 0.0221847 0.234622
70 690 350 410 0.0208677 0.289039
70 710 360 420 0.0196623 0.585429
80 110 90 100 5.75203 0.0480202
80 130 100 110 1.2577 0.76571
80 150 110 120 0.453226 0.360109
80 170 120 130 0.247481 0.863714
80 190 130 140 0.157296 0.763046
80 210 140 150 0.0962028 0.455664
80 180 120 140 0.392102 0
80 220 140 160 0.172187 0.12225
80 240 150 170 0.130691 0.770959
80 260 160 180 0.0981849 0.398508
80 280 170 190 0.0801476 0.0808424
80 300 180 200 0.0677115 0.245665
80 320 190 210 0.0538072 0.573848
80 290 170 200 0.110117 0.0822783
80 330 190 220 0.0733083 0.610483
80 350 200 230 0.0632627 0.203971
80 370 210 240 0.0562837 0.152709
80 390 220 250 0.0486214 0.0779353
80 410 230 260 0.0414589 0.204097
80 430 240 270 0.0369099 0.318364
80 400 220 260 0.0575919 1.47764
80 440 240 280 0.043127 0.111231
80 460 250 290 0.042293 0.0257866
80 480 260 300 0.0383711 0.204884
80 500 270 310 0.034105 0.2235
80 520 280 320 0.0312332 0.389207
80 540 290 330 0.0314335 0.127323
80 510 270 320 0.036285 0.148868
80 550 290 340 0.0388608 0.0494072
80 570 300 350 0.0316176 0.276811
80 590 310 360 0.0316664 0.737882
80 610 320 370 0.0296078 2.3379
80 630 330 380 0.0265966 0.389573
80 650 340 390 0.0251898 0.840616
80 620 320 380 0.033754 0.998746
80 660 340 400 0.0270607 0.471649
80 680 350 410 0.0221847 0.474221
80 700 360 420 0.0208677 0.285209
90 120 100 110 7.86732 0.0429995
90 140 110 120 1.20695 0.680242
90 160 120 130 0.453226 0.570078
90 180 130 140 0.243025 0.891815
90 200 140 150 0.157296 0.740867
90 220 150 160 0.0962415 1.00949
90 190 130 150 0.40004 0
90 230 150 170 0.174732 0.0537138
90 250 160 180 0.130691 0.152837
90 270 170 190 0.10244 0.281465
90 290 180 200 0.0801476 0.0310103
90 310 190 210 0.0693659 0.191069
90 330 200 220 0.0539892 0.153911
90 300 180 210 0.107939 0.177581
90 340 200 230 0.0732074 0.207483
90 360 210 240 0.0629506 0.0405513
90 380 220 250 0.0556678 1.12039
90 400 230 260 0.0476892 0.622109
90 420 240 270 0.04131 0.873574
90 440 250 280 0.0368183 0.108306
90 410 230 270 0.0573179 0.68256
90 450 250 290 0.0423821 0.402302
90 470 260 300 0.042396 0.218426
90 490 270 310 0.0384253 0.134093
90 510 280 320 0.0342642 0.551796
90 530 290 330 0.0315429 0.118061
90 550 300 340 0.0317104 0.806423
90 520 280 330 0.0367171 0.0406029
90 560 300 350 0.0390235 0.0495278
90 580 310 360 0.0315501 0.836217
90 600 320 370 0.0314444 1.32304
90 620 330 380 0.0289146 0.712992
90 640 340 390 0.0264272 0.274951
90 660 350 400 0.0251789 0.358491
90 630 330 390 0.0329309 0.461407
90 670 350 410 0.0270607 0.493736
90 690 360 420 0.0221847 0.3653
90 710 370 430 0.0208677 0.213417
100 130 110 120 8.81172 0
100 150 120 130 1.2577 0.96925
100 170 130 140 0.459009 0.523501
100 190 140 150 0.244695 0.797794
100 210 150 160 0.157506 0.716971
100 230 160 170 0.0962028 0.121171
100 200 140 160 0.407978 0
100 240 160 180 0.171684 0.112809
100 260 170 190 0.124821 0.0485929
100 280 180 200 0.101939 0.992309
100 300 190 210 0.0784811 0.167036
100 320 200 220 0.0693786 1.06676
100 340 210 230 0.0540953 0.397776
100 310 190 220 0.104024 0.346477
100 350 210 240 0.0731065 0.156978
100 370 220 250 0.0627033 0.60243
100 390 230 260 0.054881 0.69364
100 410 240 270 0.0471842 1.20576
100 430 250 280 0.041274 0.0779936
100 450 260 290 0.0367827 0.2338
100 420 240 280 0.0566411 0.0333863
100 460 260 300 0.0420777 0.0319488
100 480 270 310 0.0425111 1.1893
100 500 280 320 0.0384872 0.608089
100 520 290 330 0.034441 0.168682
100 540 300 340 0.0316602 2.15708
100 560 310 350 0.0319059 0.62538
100 530 290 340 0.0371448 1.16487
100 570 310 360 0.0392626 0
100 590 320 370 0.0309114 1.22188
100 610 330 380 0.0314278 1.68091
100 630 340 390 0.0281252 0.509192
100 650 350 400 0.0264265 1.32682
100 670 360 410 0.0251661 1.36851
100 640 340 400 0.0325193 0.602916
100 680 360 420 0.0270607 0.807068
100 700 370 430 0.0221847 0.206342
110 140 120 130 8.27604 0.100125
110 160 130 140 1.29829 0.747803
110 180 140 150 0.459009 0.630459
110 200 150 160 0.250821 0.677852
110 220 160 170 0.157506 0.830351
110 240 170 180 0.0945888 1.75798
110 210 150 170 0.415916 0.0483826
110 250 170 190 0.163597 0.0428372
110 270 180 200 0.118951 0.0539746
110 290 190 210 0.101439 0.566008
110 310 200 220 0.0755165 0.972522
110 330 210 230 0.0689702 0.551381
110 350 220 240 0.0542773 0.295121
110 320 200 230 0.100109 0.0342604
110 360 220 250 0.0726317 0.0267732
110 380 230 260 0.0620184 0.0673709
110 400 240 270 0.0540597 0.0681491
110 420 250 280 0.0462523 0.656536
110 440 260 290 0.0412498 0.0859726
110 460 270 300 0.0368968 0.477668
110 430 250 290 0.0565356 0.152714
110 470 270 310 0.0420777 0.46574
110 490 280 320 0.0426382 0.342236
110 510 290 330 0.0385182 0.110717
110 530 300 340 0.0344842 0.390352
110 550 310 350 0.0312167 0
110 570 320 360 0.0322791 0.181484
110 540 300 350 0.0373308 0.110681
110 580 320 370 0.0390203 1.02955
110 600 330 380 0.0311299 0.712954
110 620 340 390 0.0316331 0.703033
110 640 350 400 0.02783 0.653691
110 660 360 410 0.0264003 1.33892
110 680 370 420 0.0251507 0.334569
110 650 350 410 0.0325193 1.23638
110 690 370 430 0.0270607 0.754485
110 710 380 440 0.0221847 0.227711
120 150 130 140 7.86975 0
120 170 140 150 1.29829 2.22437
120 190 150 160 0.459009 0.658446
120 210 160 170 0.250821 0.31639
120 230 170 180 0.146205 0.195325
120 250 180 190 0.0887821 0.392235
120 220 160 180 0.405365 0
120 260 180 200 0.150816 0.0286819
120 280 190 210 0.110142 0.0506967
120 300 200 220 0.0983258 0.856876
120 320 210 230 0.0735045 0.950573
120 340 220 240 0.0689829 1.30306
120 360 230 250 0.0542773 0.0303424
120 330 210 240 0.0993587 0.0459052
120 370 230 260 0.0717369 1.21377
120 390 240 270 0.0610711 0.591543
120 410 250 280 0.0532385 1.21455
120 430 260 290 0.0461741 0.168869
120 450 270 300 0.0412498 0.500617
120 470 280 310 0.036955 1.03457
120 440 260 300 0.0565356 0.104986
120 480 280 320 0.0421458 0.128746
120 500 290 330 0.0426382 0.121493
120 520 300 340 0.0384563 0.410914
120 540 310 350 0.0344842 0.197718
120 560 320 360 0.0306601 1.02604
120 580 330 370 0.0324627 1.06803
120 550 310 360 0.03692 0.223957
120 590 330 380 0.0387812 0.336286
120 610 340 390 0.0317547 1.88738
120 630 350 400 0.031696 0.397511
120 650 360 410 0.0278407 1.28546
120 670 370 420 0.0263692 2.87216
120 690 380 430 0.0251318 0.0891201
120 660 360 420 0.0324278 0.387147
120 700 380 440 0.0270607 0.088205
130 160 140 150 7.22954 0.0270159
130 180 150 160 1.20767 0.884174
130 200 160 170 0.492307 0.647065
130 220 170 180 0.226398 1.42319
130 240 180 190 0.130882 2.61976
130 260 190 200 0.0825375 0.632054
130 230 170 190 0.366043 0.0317673
130 270 190 210 0.139639 0.528554
130 290 200 220 0.106038 0.0524551
130 310 210 230 0.094706 4.95765
130 330 220 240 0.0725219 0.0423588
130 350 230 250 0.0684469 0.904563
130 370 240 260 0.0542014 1.82928
130 340 220 250 0.100344 0.194718
130 380 240 270 0.0708421 0.346052
130 400 250 280 0.0602096 0.216482
130 420 260 290 0.0531223 0.0373047
130 440 270 300 0.0461992 0.310707
130 460 280 310 0.041274 0.656136
130 480 290 320 0.0370692 0.272733
130 450 270 310 0.056625 0.305551
130 490 290 330 0.0423821 0.0508041
130 510 300 340 0.0425746 0.542971
130 530 310 350 0.0383531 0.432927
130 550 320 360 0.0341393 0.0268394
130 570 330 370 0.0300442 0.303583
130 590 340 380 0.0326464 0.418069
130 560 320 370 0.0363736 0.828261
130 600 340 390 0.0390203 0.404043
130 620 350 400 0.0325444 0.905251
130 640 360 410 0.0319912 0.489134
130 660 370 420 0.0277495 1.92831
130 680 380 430 0.0263319 0.891906
130 700 390 440 0.0251083 0.0413686
130 670 370 430 0.0323197 0.677238
130 710 390 450 0.0270607 0.353887
140 170 150 160 5.72712 0.0590683
140 190 160 170 1.20767 1.4038
140 210 170 180 0.492307 0.294894
140 230 180 190 0.201975 1.66048
140 250 190 200 0.11577 0.574145
140 270 200 210 0.0774948 0.710363
140 240 180 200 0.326721 0.109044
140 280 200 220 0.132822 0.046219
140 300 210 230 0.101933 0.0774627
140 320 220 240 0.0913428 4.71872
140 340 230 250 0.074504 2.00612
140 360 240 260 0.0674897 1.25234
140 380 250 270 0.0541256 0.0631264
140 350 230 260 0.103508 0.0415092
140 390 250 280 0.0703372 0.103396
140 410 260 290 0.0599623 0.431399
140 430 270 300 0.0532008 0.0682302
140 450 280 310 0.0462242 0.354757
140 470 290 320 0.0413987 1.35153
140 490 300 330 0.0371833 0.502597
140 460 280 320 0.057038 0.600247
140 500 300 340 0.0421771 0.623539
140 520 310 350 0.0419774 0.427388
140 540 320 360 0.0382085 0.0284925
140 560 330 370 0.0334764 0.918834
140 580 340 380 0.0293145 0.186205
140 600 350 390 0.0328483 0.423011
140 570 330 380 0.0362539 0.268229
140 610 350 400 0.039517 1.3789
140 630 360 410 0.0331692 0.352204
140 650 370 420 0.032459 1.81449
140 670 380 430 0.0276418 0.228526
140 690 390 440 0.0262864 0.13485
140 710 400 450 0.0250781 0.0966365
140 680 380 440 0.0321899 0.351717
150 180 160 170 6.13848 0.0711466
150 200 170 180 1.20767 1.98901
150 220 180 190 0.376703 0.48823
150 240 190 200 0.183678 3.94595
150 260 200 210 0.111144 0.605752
150 280 210 220 0.0766446 1.44158
150 250 190 210 0.294376 0.112443
150 290 210 230 0.130699 0.0331935
150 310 220 240 0.100768 2.40974
150 330 230 250 0.0941397 2.74375
150 350 240 260 0.076486 0.0302781
150 370 250 270 0.0670685 4.15226
150 390 260 280 0.0541142 0.0268319
150 360 240 270 0.106673 0.280232
150 400 260 290 0.0698324 0.43445
150 420 270 300 0.0599039 0.12809
150 440 280 310 0.0533954 0.454287
150 460 290 320 0.0462493 0.232656
150 480 300 330 0.0415233 0.274949
150 500 310 340 0.037053 0.216594
150 470 290 330 0.057435 0.0359567
150 510 310 350 0.0417745 0.111723
150 530 320 360 0.0413803 0.107334
150 550 330 370 0.0371363 0.480577
150 570 340 380 0.0328135 0.369269
150 590 350 390 0.0286361 0.190848
150 610 360 400 0.0336 0.982934
150 580 340 390 0.035577 0.188491
150 620 360 410 0.0397562 0.873336
150 640 370 420 0.0340644 1.11942
150 660 380 430 0.0327606 0.237934
150 680 390 440 0.0275125 0.0916198
150 700 400 450 0.0262294 0.480526
150 690 390 450 0.0320313 0.163578
160 190 170 180 7.45641 0.0370438
160 210 180 190 1.14048 0.886584
160 230 190 200 0.376702 0.552626
160 250 200 210 0.182201 1.33581
160 270 210 220 0.110541 0.762742
160 290 220 230 0.076271 1.02545
160 260 200 220 0.290802 0.0709624
160 300 220 240 0.130021 0.126156
160 320 230 250 0.108745 0.12435
160 340 240 260 0.0955318 9.82957
160 360 250 270 0.0788094 0.885576
160 380 260 280 0.0670652 1.07774
160 400 270 290 0.0540384 0.434519
160 370 250 280 0.109837 0.894714
160 410 270 300 0.0702062 0.521106
160 430 280 310 0.0599039 0.589019
160 450 290 320 0.0539935 0.0672435
160 470 300 330 0.0462493 0.370746
160 490 310 340 0.0414325 0.418904
160 510 320 350 0.0364498 0.292333
160 480 300 340 0.0576929 0.330021
160 520 320 360 0.0413719 0.291461
160 540 330 370 0.0400846 0.308158
160 560 340 380 0.0360641 0.117214
160 580 350 390 0.0318971 0.105186
160 600 360 400 0.0280795 0.0425281
160 620 370 410 0.0339758 0.542678
160 590 350 400 0.0348352 0.0811028
160 630 370 420 0.0398012 0.0902918
160 650 380 430 0.0347567 0.213091
160 670 390 440 0.0329235 0.554566
160 690 400 450 0.0273545 0.303711
160 710 410 460 0.0261562 0.0665018
160 700 400 460 0.0318331 0
170 200 180 190 6.67909 0.151948
170 220 190 200 1.14048 1.51309
170 240 200 210 0.382725 0.642668
170 260 210 220 0.180725 1.00719
170 280 220 230 0.107307 0.911487
170 300 230 240 0.076271 1.49184
170 270 210 230 0.280279 0.0854477
170 310 230 250 0.130021 0.450008
170 330 240 260 0.116722 0.16395
170 350 250 270 0.096924 1.9906
170 370 260 280 0.0801801 1.75525
170 390 270 290 0.0666441 1.43784
170 410 280 300 0.0540384 0
170 380 260 290 0.109837 0.167947
170 420 280 310 0.0712371 0.130549
170 440 290 320 0.0599039 0.357759
170 460 300 330 0.0546665 0.0485168
170 480 310 340 0.046249 0.27956
170 500 320 350 0.0410391 0.102313
170 520 330 360 0.0363084 0.261274
170 490 310 350 0.0576929 0.0413555
170 530 330 370 0.0408145 0.694022
170 550 340 380 0.0388107 0.161777
170 570 350 390 0.0358038 0.303675
170 590 360 400 0.0308733 0.678907
170 610 370 410 0.0274875 9.06338
170 630 380 420 0.0345255 0.089452
170 600 360 410 0.0340285 0.0617048
170 640 380 430 0.039413 0.14473
170 660 390 440 0.0351102 0.214157
170 680 400 450 0.0331227 0.479836
170 700 410 460 0.027157 0.0523025
170 710 410 470 0.0315782 0.094524
180 210 190 200 7.75102 0.0436447
180 230 200 210 1.40093 0.895758
180 250 210 220 0.448977 0.39992
180 270 220 230 0.168156 0.958962
180 290 230 240 0.104676 1.07924
180 280 220 240 0.273328 0.10247
180 320 240 260 0.13756 0.261033
180 340 250 270 0.12431 0.907653
180 360 260 280 0.0971806 0.636705
180 380 270 290 0.0805214 0.217179
180 400 280 300 0.0666441 1.53044
180 420 290 310 0.0546021 1.2304
180 390 270 300 0.109837 0
180 430 290 320 0.0725119 0.0518633
180 450 300 330 0.060212 0.275744
180 470 310 340 0.0555488 0.207416
180 490 320 350 0.0462487 0.341289
180 510 330 360 0.0406456 0.152039
180 530 340 370 0.0356844 0.893888
180 500 320 360 0.0570589 0.332418
180 540 340 380 0.0403933 0.445062
180 560 350 390 0.0374605 0.106002
180 580 360 400 0.0354293 0.622692
180 600 370 410 0.0298038 4.8472
180 620 380 420 0.0268602 0.0280583
180 640 390 430 0.0344203 0.250299
180 650 390 440 0.038901 1.46636
180 670 400 450 0.0355729 0.0283206
180 690 410 460 0.0333672 0.130395
180 710 420 470 0.026903 0.0597702
190 220 200 210 8.68875 0.0449576
190 240 210 220 1.45282 5.8979
190 260 220 230 0.448977 0.455763
190 280 230 240 0.157062 2.00982
190 300 240 250 0.102046 0.337999
190 320 250 260 0.085137 3.9334
190 290 230 250 0.266378 0.177564
190 330 250 270 0.145377 0.318639
190 350 260 280 0.123921 0.101042
190 370 270 290 0.0971806 4.69001
190 390 280 300 0.0813666 0.592223
190 410 290 310 0.0666441 1.13379
190 430 300 320 0.0545907 0.191986
190 400 280 310 0.109837 0.232698
190 440 300 330 0.0739178 0.0455612
190 460 310 340 0.0602979 0.104778
190 480 320 350 0.0564311 0
190 500 330 360 0.0462001 0.394531
190 520 340 370 0.0402522 1.2001
190 540 350 380 0.0350605 0.588561
190 510 330 370 0.0563355 0.656071
190 550 350 390 0.0396764 0.417281
190 570 360 400 0.036797 0.514692
190 590 370 410 0.0338565 15.0038
190 610 380 420 0.0291755 0.224629
190 630 390 430 0.0261703 1.16977
190 620 380 430 0.0323291 1.18856
190 660 400 450 0.0382651 0.234034
190 680 410 460 0.0361203 0.418029
190 700 420 470 0.0336765 0.111149
200 230 210 220 9.4078 0.0880802
200 250 220 230 1.45282 1.22432
200 270 230 240 0.266272 0.985384
200 290 240 250 0.145969 1.63737
200 310 250 260 0.104584 9.25593
200 330 260 270 0.0851802 0.714593
200 300 240 260 0.269624 0.0808883
200 340 260 280 0.153194 0.67377
200 360 270 290 0.123921 0.0489462
200 380 280 300 0.0957759 3.06901
200 400 290 310 0.0822118 1.28169
200 420 300 320 0.0666408 1.88695
200 440 310 330 0.0545907 0.455545
200 410 290 320 0.109 0.101863
200 450 310 340 0.0753816 0.380303
200 470 320 350 0.060859 0
200 490 330 360 0.0562892 0.0516046
200 510 340 370 0.0461086 0.774382
200 530 350 380 0.0398345 0.225793
200 550 360 390 0.0340436 0.569895
200 520 340 380 0.0556122 0.697812
200 560 360 400 0.0385844 1.16869
200 580 370 410 0.0351979 5.1395
200 600 380 420 0.0322628 0.962967
200 620 390 430 0.027845 2.39443
200 640 400 440 0.0254179 1.88335
200 660 410 450 0.0328673 0.365813
200 630 390 440 0.0311977 0.922126
200 670 410 460 0.0383091 0.045474
200 690 420 470 0.0367525 0.103923
200 710 430 480 0.0339737 0.0850402
210 240 220 230 10.4625 0.0373359
210 260 230 240 1.19533 1.33808
210 280 240 250 0.266272 0.529526
210 300 250 260 0.149784 1.30897
210 320 260 270 0.107122 3.05271
210 340 270 280 0.0843593 4.6682
210 310 250 270 0.27287 0.327868
210 350 270 290 0.153472 0.0727002
210 370 280 300 0.12431 0.113209
210 390 290 310 0.0957759 3.26756
210 410 300 320 0.0822118 0.132632
210 430 310 330 0.0666408 0.124904
210 450 320 340 0.0558698 0.100768
210 420 300 330 0.108163 0.471274
210 460 320 350 0.0763406 0.0339187
210 480 330 360 0.0611979 0.0855051
210 500 340 370 0.0562984 0.694235
210 520 350 380 0.0460171 0.611517
210 540 360 390 0.039274 0.535543
210 530 350 390 0.0548727 0.0704069
210 570 370 410 0.0381222 2.06506
210 590 380 420 0.0336838 1.10281
210 630 400 440 0.0265681 4.65549
210 650 410 450 0.0246388 4.61694
210 670 420 460 0.0328918 0
210 640 400 450 0.0305835 1.13565
210 680 420 470 0.0380707 0.33814
210 700 430 480 0.0376713 0.0263307
220 250 230 240 9.71483 0.0942988
220 270 240 250 1.19533 3.76395
220 290 250 260 0.346719 0.535683
220 310 260 270 0.154245 7.75785
220 330 270 280 0.10966 1.05715
220 350 280 290 0.083452 1.25006
220 320 260 280 0.276117 0.245589
220 360 280 300 0.153872 0.0281214
220 380 290 310 0.12431 2.97402
220 400 300 320 0.0957759 6.50615
220 420 310 330 0.0822118 1.88694
220 440 320 340 0.0671921 1.39042
220 460 330 350 0.0571488 0.50687
220 430 310 340 0.107327 0.371033
220 470 330 360 0.0766424 0.193355
220 490 340 370 0.0615368 0.332052
220 510 350 380 0.0563076 0.333594
220 530 360 390 0.0455666 0.436795
220 550 370 400 0.0382673 1.43159
220 570 380 410 0.0318601 1.10068
220 540 360 400 0.0541494 0.827902
220 580 380 420 0.0364097 1.2673
220 600 390 430 0.0320764 1.99482
220 640 410 450 0.025602 2.20271
220 660 420 460 0.0243353 0.230112
220 680 430 470 0.0326701 0.207041
220 690 430 480 0.0381014 0.0248751
220 710 440 490 0.0382483 0.36654
230 260 240 250 10.9033 0.0358262
230 280 250 260 1.41509 2.19752
230 300 260 270 0.346719 0.620534
230 320 270 280 0.158705 5.61068
230 340 280 290 0.10966 2.55476
230 360 290 300 0.0825447 2.19519
230 330 270 290 0.26885 0.0968855
230 370 290 310 0.153872 0.126992
230 390 300 320 0.113806 3.92443
230 410 310 330 0.0934777 4.55418
230 430 320 340 0.0822118 0.91091
230 450 330 350 0.0673223 1.31281
230 470 340 360 0.0578643 0.141293
230 440 320 350 0.10649 0.263723
230 480 340 370 0.0767003 0.294307
230 500 350 380 0.0611898 0.318639
230 520 360 390 0.0563261 0.287458
230 540 370 400 0.0447455 1.64682
230 560 380 410 0.0368402 0.798397
230 580 390 420 0.0304831 2.14855
230 550 370 410 0.05309 0.999523
230 590 390 430 0.0351936 1.26815
230 630 410 450 0.0276449 3.55568
230 670 430 470 0.0242438 0
230 690 440 480 0.0326734 0.212231
230 660 420 470 0.0298138 0.0417106
230 700 440 490 0.0377652 1.05006
240 270 250 260 11.4541 0.0482295
240 290 260 270 1.41509 4.62396
240 310 270 280 0.307441 2.96994
240 330 280 290 0.159352 2.85496
240 350 290 300 0.10588 1.67723
240 370 300 310 0.0802764 14.4152
240 340 280 300 0.244012 0.0897983
240 380 300 320 0.150909 3.25004
240 400 310 330 0.103302 1.35406
240 420 320 340 0.0911795 6.98991
240 440 330 350 0.0817079 0.73881
240 460 340 360 0.0669816 0.221629
240 480 350 370 0.0591547 3.55152
240 450 330 360 0.10574 0.541152
240 490 350 380 0.0767003 0
240 510 360 390 0.0608429 0.908233
240 530 370 400 0.0563459 0.900411
240 550 380 410 0.0438521 1.75645
240 570 390 420 0.0355688 2.83441
240 590 400 430 0.0293811 5.31125
240 560 380 420 0.0517745 0.722496
240 600 400 440 0.0341951 7.74142
240 620 410 450 0.0296913 16.5052
240 640 420 460 0.0273643 4.99287
240 660 430 470 0.0244039 0.0275985
240 680 440 480 0.0240988 1.05373
240 700 450 490 0.0323413 2.65882
240 670 430 480 0.0293491 0.416449
240 710 450 500 0.0368785 0.874674
250 280 260 270 13.2815 0.121265
250 300 270 280 1.24141 0.722949
250 320 280 290 0.284077 1.27073
250 360 300 310 0.102101 3.75754
250 380 310 320 0.0780082 2.68936
250 350 290 310 0.219174 0.26909
250 390 310 330 0.143458 0.0994984
250 410 320 340 0.102595 1.75402
250 430 330 350 0.0878096 1.11611
250 450 340 360 0.0795207 1.579
250 470 350 370 0.0666442 0.353614
250 490 360 380 0.0604452 0.477754
250 460 340 370 0.105826 0.354712
250 500 360 390 0.0766424 0.0564393
250 520 370 400 0.0603832 0.812871
250 540 380 410 0.0546056 0.306964
250 560 390 420 0.0427571 1.05003
250 580 400 430 0.0342362 0.536984
250 600 410 440 0.0286443 7.34998
250 570 390 430 0.0502979 0.0762284
250 630 420 460 0.0293629 1.80445
250 650 430 470 0.0271198 0.670677
250 670 440 480 0.0239612 0.0303994
250 690 450 490 0.0239548 0.364119
250 710 460 500 0.0323413 0.292914
250 680 440 490 0.0290566 0.189792
260 290 270 280 14.0451 0
260 310 280 290 1.24141 9.78548
260 330 290 300 0.281963 0.266876
260 350 300 310 0.121805 6.20774
260 370 310 320 0.0994488 2.76841
260 390 320 330 0.0757399 3.37716
260 360 300 320 0.201603 0.142734
260 400 320 340 0.136407 0.0623934
260 420 330 350 0.112002 1.8476
260 440 340 360 0.0842552 1.6716
260 460 350 370 0.0778373 0.843892
260 480 360 380 0.0671987 0.381324
260 500 370 390 0.0604452 0.444408
260 470 350 380 0.105913 0.200984
260 510 370 400 0.0765845 0.355607
260 530 380 410 0.0605826 0.13637
260 550 390 420 0.0518888 0.160315
260 570 400 430 0.0412959 0.52603
260 590 410 440 0.0327142 0.871946
260 610 420 450 0.0282673 4.61778
260 580 400 440 0.0488213 0.354813
260 620 420 460 0.0319456 3.64908
260 640 430 470 0.0289694 0.0719356
260 660 440 480 0.0270812 0.0265138
260 680 450 490 0.0237989 0.05484
260 700 460 500 0.0238254 0.187677
260 690 450 500 0.0287532 0.0294701
270 300 280 290 10.6335 0.0936568
270 320 290 300 1.25379 7.25255
270 340 300 310 0.265624 1.26442
270 360 310 320 0.123009 5.44193
270 380 320 330 0.103366 1.89127
270 400 330 340 0.0757399 2.52149
270 370 310 330 0.207421 0.0995129
270 410 330 350 0.13232 0.0254062
270 430 340 360 0.112002 0.130994
270 450 350 370 0.0808853 2.87524
270 470 360 380 0.076154 0.589966
270 490 370 390 0.0680306 0.374753
270 510 380 400 0.0576457 0.0357004
270 480 360 390 0.105999 0.128649
270 520 380 410 0.072684 0.189904
270 540 390 420 0.057128 0
270 580 410 440 0.0397092 0.451767
270 600 420 450 0.0310848 1.00062
270 620 430 460 0.0274021 0.931464
270 590 410 450 0.0472875 1.18685
270 630 430 470 0.0304507 0.185691
270 650 440 480 0.0287341 0.160736
270 670 450 490 0.0270812 0.306111
270 690 460 500 0.023651 0.139673
270 710 470 510 0.0235879 0.11241
270 700 460 510 0.0287532 0.0270568
280 310 290 300 13.136 0
280 350 310 320 0.235437 1.82219
280 370 320 330 0.124213 4.99243
280 390 330 340 0.107284 0.602202
280 410 340 350 0.075299 4.53968
280 380 320 340 0.213239 0.191017
280 420 340 360 0.13232 0.750423
280 440 350 370 0.10235 0.482852
280 460 360 380 0.0798136 2.65114
280 480 370 390 0.0723073 0.367696
280 500 380 400 0.0680306 0.380683
280 520 390 410 0.0548462 0.392052
280 490 370 400 0.104782 0.870703
280 530 390 420 0.0685589 0.734614
280 550 400 430 0.0536029 0.574834
280 570 410 440 0.0468724 0.471237
280 590 420 450 0.0381225 0.389726
280 610 430 460 0.0299822 0.655037
280 630 440 470 0.0263954 0.458287
280 600 420 460 0.0456966 0.132333
280 640 440 480 0.0287492 0.279229
280 660 450 490 0.0287022 0.595293
280 680 460 500 0.0270333 0.139806
280 700 470 510 0.023651 0.0844708
280 710 470 520 0.0286564 0.257411
290 320 300 310 5.41133 0.159384
290 360 320 330 0.235437 0.63501
290 380 330 340 0.126351 1.23524
290 400 340 350 0.110074 1.16717
290 420 350 360 0.0783972 4.83164
290 390 330 350 0.219057 0.0269894
290 430 350 370 0.13232 0.314545
290 450 360 380 0.0929428 0.889726
290 470 370 390 0.0788484 1.73734
290 490 380 400 0.0679654 0.926268
290 510 390 410 0.0680306 0.476473
290 530 400 420 0.0512693 0.693683
290 500 380 410 0.10121 0.116377
290 540 400 430 0.0644917 0.327331
290 580 420 450 0.0449926 0.199157
290 600 430 460 0.0367262 0.754799
290 620 440 470 0.0287831 0.0277799
290 640 450 480 0.0257855 0.865322
290 610 430 470 0.0441056 0.26942
290 650 450 490 0.0278557 3.46542
290 670 460 500 0.0285951 0.389163
290 690 470 510 0.0269941 0.0398666
290 710 480 520 0.023544 0.255331
300 330 310 320 9.20727 0.241864
300 350 320 330 0.830053 6.4956
300 370 330 340 0.235437 1.08779
300 390 340 350 0.128562 5.67315
300 410 350 360 0.107284 2.18021
300 430 360 370 0.0797258 0.929296
300 400 340 360 0.214316 0.185703
300 440 360 380 0.13232 0.145983
300 460 370 390 0.0915661 0.93587
300 480 380 400 0.0786639 1.66944
300 500 390 410 0.0618611 0.388039
300 520 400 420 0.0643032 0.384023
300 540 410 430 0.0476709 0.57845
300 510 390 420 0.0951055 0.099725
300 550 410 440 0.0603164 0.701568
300 570 420 450 0.0472337 0.0593999
300 590 430 460 0.041122 0.0270852
300 610 440 470 0.0357009 0.638991
300 630 450 480 0.0283326 0.278894
300 650 460 490 0.0253171 1.03141
300 620 440 480 0.042516 0.0715968
300 660 460 500 0.0275725 0.063168
300 680 470 510 0.0283668 0.59851
300 700 480 520 0.0269685 0.200888
310 340 320 330 7.06996 0.0478491
310 380 340 350 0.180701 3.7606
310 400 350 360 0.128791 4.39256
310 420 360 370 0.101702 3.50767
310 440 370 380 0.0797604 19.6489
310 410 350 370 0.208674 0.250638
310 450 370 390 0.128625 6.92515
310 470 380 400 0.089691 2.67609
310 490 390 410 0.0786639 10.0145
310 510 400 420 0.0557569 5.36694
310 530 410 430 0.0593004 4.57468
310 550 420 440 0.0440617 4.73587
310 520 400 430 0.0884561 0.921779
310 560 420 450 0.0552886 2.9043
310 580 430 460 0.0443896 3.08929
310 600 440 470 0.0404322 2.33898
310 620 450 480 0.0349163 0.0492744
310 660 470 500 0.0248404 17.9595
310 630 450 490 0.0417751 14.7466
310 670 470 510 0.0273154 2.48358
320 350 330 340 7.35506 0
320 390 350 360 0.180701 2.96236
320 410 360 370 0.129078 4.88157
320 430 370 380 0.0926598 0.950084
320 450 380 390 0.071967 7.88906
320 420 360 380 0.203031 0.3358
320 460 380 400 0.124325 0.678719
320 480 390 410 0.0875709 0.669102
320 500 400 420 0.0764877 7.5933
320 520 410 430 0.0496526 1.83732
320 540 420 440 0.0534362 2.79842
320 560 430 450 0.0432319 1.35314
320 530 410 440 0.0818067 0.029626
320 570 430 460 0.0537716 0.898113
320 590 440 470 0.0416289 0
320 630 460 490 0.0345017 2.53892
320 650 470 500 0.0275814 1.73016
320 670 480 510 0.0244091 1.09158
320 640 460 500 0.0413262 1.50224
320 680 480 520 0.0268913 2.11471
320 700 490 530 0.0281505 0.532335
330 360 340 350 7.84502 0.0352088
330 400 360 370 0.180701 1.00199
330 440 380 390 0.0796182 0.492665
330 460 390 400 0.0680876 2.26307
330 430 370 390 0.20213 0.239673
330 470 390 410 0.115774 0.0971621
330 490 400 420 0.0864088 1.13735
330 510 410 430 0.0731884 1.19741
330 530 420 440 0.0457117 0.752682
330 550 430 450 0.0472744 0.470202
330 570 440 460 0.0420446 0.160335
330 540 420 450 0.0764607 0.415809
330 580 440 470 0.0516397 0.247672
330 600 450 480 0.0415747 0.483465
330 620 460 490 0.0379931 0.0971805
330 640 470 500 0.0343333 0.298535
330 660 480 510 0.0274146 0.820421
330 680 490 520 0.024137 0.213419
330 650 470 510 0.0412118 0.136266
330 690 490 530 0.0263514 0.106238
330 710 500 540 0.0283809 0.0317682
340 370 350 360 6.57737 0.125984
340 410 370 380 0.220812 6.76983
340 430 380 390 0.123777 2.80063
340 450 390 400 0.0761582 0.269453
340 440 380 400 0.20213 0.643818
340 480 400 420 0.112155 0.731607
340 500 410 430 0.0859901 1.38093
340 520 420 440 0.0697827 16.3544
340 540 430 450 0.0429143 0.965343
340 560 440 460 0.0409025 2.62996
340 580 450 470 0.0420023 2.50882
340 550 430 460 0.0739283 0.0463478
340 590 450 480 0.0495077 2.63147
340 610 460 490 0.0414122 0.331884
340 630 470 500 0.0372483 3.00464
340 650 480 510 0.0343052 1.46043
340 690 500 530 0.0239778 10.4341
340 660 480 520 0.0410431 9.86572
340 700 500 540 0.0258212 3.42282
350 380 360 370 6.77578 0.0407649
350 420 380 390 0.17096 1.64204
350 440 390 400 0.124698 2.24346
350 460 400 410 0.0710004 0.761587
350 480 410 420 0.0539522 4.67322
350 450 390 410 0.199074 0.345968
350 490 410 430 0.105613 1.17122
350 510 420 440 0.085312 0
350 530 430 450 0.0677909 4.17612
350 550 440 460 0.0448869 0.307769
350 570 450 470 0.0382581 2.50149
350 590 460 480 0.0419968 0.59286
350 560 440 470 0.0739283 0.278349
350 600 460 490 0.0479036 0.520009
350 620 470 500 0.0416771 0.12633
350 640 480 510 0.03697 0.486195
350 660 490 520 0.0336452 1.28379
350 680 500 530 0.0266703 0.0931169
350 700 510 540 0.0237656 1.12807
350 670 490 530 0.040887 0
350 710 510 550 0.0253065 0.136237
360 390 370 380 5.66268 0.0975558
360 430 390 400 0.17096 1.39487
360 450 400 410 0.124418 2.34143
360 470 410 420 0.0726323 0.559224
360 490 420 430 0.0525476 2.46706
360 460 400 420 0.196018 0.802044
360 500 420 440 0.105087 0.0625955
360 520 430 450 0.0850525 0.864661
360 540 440 460 0.0646761 3.8852
360 560 450 470 0.0468596 10.0751
360 580 460 480 0.0382286 0.544305
360 600 470 490 0.0420023 0.443695
360 570 450 480 0.0737748 0.755096
360 610 470 500 0.0477377 2.72724
360 630 480 510 0.0422678 0.0367339
360 650 490 520 0.0369719 0
360 670 500 530 0.0337097 0.617502
360 690 510 540 0.0264924 0.14308
360 710 520 550 0.0237231 0.50575
360 680 500 540 0.0404185 0.0753545
370 400 380 390 5.90204 0.0467997
370 440 400 410 0.169546 4.05119
370 480 420 430 0.0658426 2.21874
370 500 430 440 0.0474993 10.5693
370 470 410 430 0.187369 0
370 530 440 460 0.0826315 4.64904
370 550 450 470 0.0646761 4.3713
370 570 460 480 0.0503053 2.87775
370 590 470 490 0.0382286 10.0507
370 610 480 500 0.0420278 2.14302
370 580 460 490 0.0743196 1.3401
370 620 480 510 0.0484958 1.05165
370 640 490 520 0.0437825 13.6871
370 660 500 530 0.03697 10.6971
370 700 520 550 0.0261822 2.32141
380 410 390 400 5.58309 0.107824
380 470 420 430 0.108163 0.362114
380 490 430 440 0.0658426 0.457902
380 510 440 450 0.0450688 9.90924
380 480 420 440 0.178356 0.464873
380 520 440 460 0.0989526 0.192839
380 540 450 470 0.0804699 2.2541
380 560 460 480 0.0657991 10.5705
380 580 470 490 0.0539688 0.863367
380 600 480 500 0.0393581 1.08839
380 620 490 510 0.042407 0.475164
380 590 470 500 0.0749383 0.278448
380 630 490 520 0.0520898 1.05367
380 650 500 530 0.0442047 0.0331008
380 670 510 540 0.0382732 1.80409
380 690 520 550 0.0338065 0.751927
390 420 400 410 5.98024 0.0326596
390 460 420 430 0.217639 1.2575
390 480 430 440 0.105957 4.05417
390 500 440 450 0.0608008 1.11565
390 520 450 460 0.0423273 9.39877
390 490 430 450 0.165998 0.726743
390 530 450 470 0.099234 0.564188
390 550 460 480 0.0783083 0.456925
390 570 470 490 0.0692091 6.19749
390 590 480 500 0.0581136 0.950747
390 610 490 510 0.0416192 6.8676
390 630 500 520 0.0449551 1.07206
390 600 480 510 0.0750135 0.130221
390 640 500 530 0.058333 0.813961
390 660 510 540 0.0465329 0.478313
390 680 520 550 0.0397338 0
390 710 530 570 0.0406527 0.796419
400 430 410 420 7.01777 0.0393592
400 450 420 430 0.826106 18.0716
400 470 430 440 0.206612 1.65862
400 490 440 450 0.101085 8.34905
400 510 450 460 0.0573909 2.40884
400 530 460 470 0.042136 3.71537
400 500 440 460 0.159233 0.813392
400 540 460 480 0.100309 0.560782
400 560 470 490 0.0868661 2.2321
400 580 480 500 0.0680861 8.56971
400 600 490 510 0.0613056 2.41562
400 620 500 520 0.0484153 19.7278
400 610 490 520 0.0784604 2.31558
400 650 510 540 0.0610233 0.759373
400 670 520 550 0.0502847 0
400 710 540 570 0.0325218 0.962977
410 440 420 430 9.77116 0.0282683
410 480 440 450 0.178995 1.44116
410 500 450 460 0.103959 7.17777
410 520 460 470 0.0593074 2.24099
410 540 470 480 0.042136 4.67342
410 510 450 470 0.159233 0.107246
410 550 470 490 0.102601 0.911787
410 570 480 500 0.0954856 1.45364
410 590 490 510 0.0714961 4.86933
410 610 500 520 0.0647826 3.68122
410 630 510 530 0.053283 4.35425
410 650 520 540 0.0520255 1.2059
410 620 500 530 0.0857827 0.315846
410 660 520 550 0.0676772 0.480487
410 700 540 570 0.0411291 0.404232
420 450 430 440 8.11816 0.0481174
420 490 450 460 0.206612 9.62527
420 510 460 470 0.106373 1.53983
420 530 470 480 0.0679893 0.728614
420 550 480 490 0.0426384 11.7987
420 520 460 480 0.173659 0.856909
420 560 480 500 0.104998 0.244427
420 580 490 510 0.104105 1.75113
420 600 500 520 0.0752585 6.71386
420 620 510 530 0.0694133 0.0457688
420 640 520 540 0.0581508 0.079314
420 660 530 550 0.0563996 1.42201
420 630 510 540 0.094054 0.0430999
420 690 540 570 0.0567719 0.061064
420 710 550 580 0.042511 0.346029
430 460 440 450 10.3389 0.0999623
430 480 450 460 0.825369 3.71232
430 500 460 470 0.205354 0.564431
430 520 470 480 0.11061 4.96078
430 540 480 490 0.0749476 1.29667
430 560 490 500 0.0428296 19.589
430 530 470 490 0.18828 0.126354
430 570 490 510 0.108111 0.191346
430 590 500 520 0.104167 0.298216
430 610 510 530 0.079183 5.71543
430 630 520 540 0.0729135 0.435708
430 650 530 550 0.0633429 0.381232
430 670 540 560 0.0576521 0.662632
430 640 520 550 0.100604 0.0805545
430 680 540 570 0.080717 0.149466
430 700 550 580 0.0594404 0.0674433
440 470 450 460 7.91821 0.0604197
440 490 460 470 0.825369 9.68554
440 510 470 480 0.214051 0.507019
440 530 480 490 0.115231 4.27652
440 550 490 500 0.0776136 1.25931
440 570 500 510 0.0496925 2.23253
440 540 480 500 0.199842 0.1694
440 580 500 520 0.111574 0.168946
440 600 510 530 0.104167 0.976074
440 620 520 540 0.0814762 2.37351
440 640 530 550 0.07357 0.673264
440 660 540 560 0.0688297 0.333468
440 680 550 570 0.0596762 0.13775
440 650 530 560 0.1088 1.3049
440 690 550 580 0.0838731 0.170845
440 710 560 590 0.0619695 0.172828
450 480 460 470 7.00109 0
450 520 480 490 0.205354 1.77614
450 540 490 500 0.119899 4.39413
450 560 500 510 0.0785561 3.75062
450 580 510 520 0.0563641 4.83092
450 550 490 510 0.203201 0.0864238
450 590 510 530 0.121509 0.167735
450 610 520 540 0.104851 2.89427
450 630 530 550 0.0872209 4.62132
450 650 540 560 0.0755691 4.48759
450 670 550 570 0.0698727 1.34376
450 690 560 580 0.0615683 0.094022
450 660 540 570 0.113629 0.342755
450 700 560 590 0.0838731 0.124083
460 490 470 480 7.30828 0.103505
460 530 490 500 0.202304 1.60581
460 550 500 510 0.125158 2.14825
460 570 510 520 0.0854017 0.423991
460 590 520 530 0.0673545 4.10525
460 560 500 520 0.208339 0.0412518
460 600 520 540 0.130218 0.0879867
460 620 530 550 0.105534 0.618467
460 640 540 560 0.0895557 4.82334
460 660 550 570 0.0777395 0.441555
460 680 560 580 0.0707036 0.133624
460 700 570 590 0.0626644 0.0377368
460 670 550 580 0.115284 0.20218
460 710 570 600 0.0861256 0.0590129
470 500 480 490 6.57213 0
470 540 500 510 0.175851 0.620507
470 560 510 520 0.13188 4.28253
470 580 520 530 0.0921008 0.524298
470 600 530 540 0.0716733 2.50754
470 570 510 530 0.220045 0.102277
470 610 530 550 0.137442 0.732125
470 630 540 560 0.10625 0.497193
470 650 550 570 0.0923006 2.44696
470 670 560 580 0.0777395 0.608571
470 690 570 590 0.0717458 0.287773
470 710 580 600 0.0635784 0.0548359
470 680 560 590 0.115289 0
480 510 490 500 5.73067 0
480 530 500 510 0.568847 10.8014
480 550 510 520 0.202304 1.5837
480 570 520 530 0.141212 3.05702
480 590 530 540 0.0988 1.09219
480 610 540 550 0.075992 7.4089
480 580 520 540 0.229346 0.289488
480 620 540 560 0.138089 0.607444
480 640 550 570 0.10625 0.0589268
480 660 560 580 0.094919 3.40729
480 680 570 590 0.0786634 0.0975614
480 700 580 600 0.0722369 0.407713
480 690 570 600 0.116944 0.0260921
490 520 500 510 5.15214 0.0268057
490 560 520 530 0.227769 2.93285
490 580 530 540 0.150203 4.1661
490 600 540 550 0.0988 1.48223
490 620 550 560 0.0769001 4.69626
490 590 530 550 0.238246 0.391172
490 630 550 570 0.138089 0
490 650 560 580 0.106281 0.403259
490 670 570 590 0.0969174 2.74275
490 690 580 600 0.0813126 0.240922
490 710 590 610 0.0725148 1.81206
490 700 580 610 0.116951 0.529815
500 530 510 520 4.27532 0.12511
500 570 530 540 0.231272 1.15569
500 590 540 550 0.154934 2.95342
500 610 550 560 0.0956445 3.70291
500 630 560 570 0.0763489 1.53493
500 600 540 560 0.241536 0.410032
500 640 560 580 0.137442 0.16904
500 660 570 590 0.108189 0.180684
500 680 580 600 0.100076 1.56426
500 700 590 610 0.0821197 0.520919
500 710 590 620 0.116954 0.116451
510 540 520 530 4.19429 0.0329273
510 580 540 550 0.227769 0.779743
510 600 550 560 0.158449 1.93414
510 620 560 570 0.0922911 0.13362
510 640 570 580 0.0757977 1.3065
510 610 550 570 0.244351 0.209916
510 650 570 590 0.136794 0.250128
510 670 580 600 0.114129 0.284806
510 690 590 610 0.102033 0.752214
510 710 600 620 0.0827041 0.0530605
520 550 530 540 4.20843 0.0464098
520 590 550 560 0.259848 8.55896
520 610 560 570 0.159892 1.97683
520 630 570 580 0.0914574 0.137128
520 650 580 590 0.0757977 5.93357
520 620 560 580 0.244351 0.44859
520 660 580 600 0.141006 0.19581
520 680 590 610 0.125041 0.0282232
520 700 600 620 0.102396 1.59671
530 560 540 550 3.5505 0.0388979
530 600 560 570 0.251256 1.41524
530 620 570 580 0.158161 1.22374
530 640 580 590 0.0914574 0.110193
530 660 590 600 0.078168 3.59294
530 630 570 590 0.243108 0.242228
530 670 590 610 0.158033 0.465804
530 690 600 620 0.139049 0.153438
530 710 610 630 0.102941 1.40496
540 570 550 560 3.54648 0.0674494
540 610 570 580 0.292566 4.06599
540 630 580 590 0.154988 1.48269
540 650 590 600 0.0930986 1.02472
540 670 600 610 0.0805383 2.32188
540 640 580 600 0.243108 0.223592
540 680 600 620 0.179323 0.117133
540 700 610 630 0.159923 0.458255
550 580 560 570 2.84092 0.194453
550 620 580 590 0.251256 0.907462
550 640 590 600 0.154988 3.82863
550 660 600 610 0.101918 1.33109
550 680 610 620 0.0921934 1.98107
550 650 590 610 0.258128 0.685046
550 690 610 630 0.200665 0.431526
550 710 620 640 0.170361 0.0955534
560 590 570 580 2.91872 0.0334586
560 630 590 600 0.264047 9.15845
560 650 600 610 0.173011 4.68241
560 670 610 620 0.110539 2.08059
560 690 620 630 0.113681 2.28025
560 660 600 620 0.285633 0
560 700 620 640 0.218219 0.423588
570 600 580 590 3.21615 0
570 640 600 610 0.238589 0.804731
570 660 610 620 0.191034 1.19835
570 680 620 630 0.119643 0.37713
570 700 630 640 0.135801 0.579858
570 670 610 630 0.311896 0.101145
570 710 630 650 0.226995 0.140081
580 610 590 600 3.01218 0.121306
580 650 610 620 0.264047 3.48268
580 670 620 630 0.205884 0.972203
580 690 630 640 0.130534 0.196217
580 710 640 650 0.146861 1.2983
580 680 620 640 0.324382 0.0594764
590 620 600 610 3.48301 0.0485631
590 660 620 630 0.365249 0.715243
590 680 630 640 0.180417 1.33119
590 700 640 650 0.13246 0.401594
590 690 630 650 0.310258 0.22579
600 630 610 620 4.67345 0.0295514
600 670 630 640 0.365249 0.980583
600 690 640 650 0.154434 3.09102
600 710 650 660 0.136943 0.46429
600 700 640 660 0.282011 0.054088
610 640 620 630 4.95976 0.0278454
610 680 640 650 0.225822 5.22445
610 700 650 660 0.127935 2.19785
610 710 650 670 0.260825 1.02797
620 650 630 640 8.95546 0.0436186
620 690 650 660 0.191428 0.739204
620 710 660 670 0.127161 1.63838
630 660 640 650 4.30242 0.045396
630 700 660 670 0.225822 0.620718
640 670 650 660 10.0527 0.109907
640 690 660 670 0.469625 5.61668
640 710 670 680 0.235477 0.551528
650 680 660 670 2.7715 0.108604
660 690 670 680 6.15136 0.289267
660 710 680 690 0.688771 4.11324
670 700 680 690 3.03417 0
680 710 690 700 8.76109 2.60344
