!C:\2020\Myanmar\Data\kawpiphtaddsautorhoubc.dat
0 10 20 30 -5.48156 0.0436387
0 10 30 40 -0.660484 0.0801739
0 10 40 50 -0.174481 0.0574564
0 10 50 60 -0.0731515 0.173908
0 10 60 70 -0.0239546 0.419576
0 10 70 80 -0.0224175 0.306898
0 20 60 80 -0.157492 0.0765657
0 20 80 100 -0.0431422 0.525598
0 20 90 110 -0.0348272 0.277345
0 20 110 130 -0.0245347 0.0770424
0 20 100 120 -0.0296137 0.405694
0 20 120 140 -0.0164838 0.363286
0 20 130 150 -0.020013 0.203261
0 30 130 160 -0.0437696 0.0898021
0 30 160 190 -0.0262619 0.288837
0 30 180 210 -0.0194595 0.663785
0 30 200 230 -0.0120845 0.565803
0 40 190 230 -0.0364182 0.0464864
0 40 230 270 -0.0212869 0.426183
0 40 210 250 -0.0241254 0.314878
0 40 250 290 -0.0217493 1.32835
0 40 220 260 -0.0283871 0.379395
0 40 260 300 -0.0319499 1.38343
0 40 240 280 -0.0179271 1.16275
0 50 250 300 -0.0345518 1.41886
0 50 300 350 -0.028024 0.362482
0 50 270 320 -0.0356927 0.719461
0 50 320 370 -0.0178899 0.543236
0 50 280 330 -0.0279421 1.4301
0 50 310 360 -0.0150066 1.0638
0 60 310 370 -0.0266299 1.6257
0 60 370 430 -0.0161463 0.718962
0 60 330 390 -0.0152009 1.55217
0 60 360 420 -0.013929 0.505485
0 60 380 440 -0.0247408 3.88932
0 70 440 510 -0.018048 0.653962
0 70 400 470 -0.0123326 0.837147
0 70 410 480 -0.0135477 7.66537
0 80 430 510 -0.0128166 0.330346
0 80 510 590 -0.010146 1.01566
0 80 450 530 -0.0111022 0.162421
0 80 460 540 -0.0109612 0.296062
0 80 470 550 -0.0111267 0.955894
0 80 480 560 -0.00974373 0.556792
0 80 490 570 -0.0119304 0.450575
0 80 500 580 -0.00937634 0.664441
0 90 590 680 -0.00395161 4.14928
10 20 30 40 -5.221 0.0264522
10 20 40 50 -0.674997 0.0511509
10 20 50 60 -0.198731 0
10 20 60 70 -0.0735016 0.0625565
10 20 70 80 -0.0246806 0.0604155
10 20 80 90 -0.0224175 15.0714
10 30 70 90 -0.155553 1.04341
10 30 90 110 -0.0442503 2.31982
10 30 100 120 -0.0348718 0.811063
10 30 120 140 -0.0246885 0.915151
10 30 110 130 -0.0299654 0.190679
10 30 130 150 -0.016612 0.419769
10 30 140 160 -0.0213615 0.42511
10 40 140 170 -0.0446444 0.211972
10 40 170 200 -0.0266508 0.238886
10 40 160 190 -0.0372277 0.463238
10 40 190 220 -0.0199093 0.557915
10 40 180 210 -0.0308065 1.27543
10 40 210 240 -0.0128208 10.079
10 40 200 230 -0.0208136 0.529675
10 50 200 240 -0.037063 0.546347
10 50 240 280 -0.021345 2.12171
10 50 220 260 -0.0241254 1.09809
10 50 230 270 -0.0283871 0.982971
10 50 250 290 -0.0179271 1.53424
10 60 260 310 -0.0335066 1.17054
10 60 310 360 -0.028024 1.05499
10 60 280 330 -0.0342838 1.18816
10 60 330 380 -0.0181516 1.29813
10 60 290 340 -0.0272306 1.63396
10 60 300 350 -0.026039 1.90668
10 60 320 370 -0.0151731 0.896041
10 70 380 440 -0.0160809 1.57379
10 70 360 420 -0.0151124 7.01599
10 70 370 430 -0.0146327 2.66624
10 80 380 450 -0.016071 1.02891
10 80 400 470 -0.0144953 0.512037
10 80 410 480 -0.0122585 0.497653
10 80 420 490 -0.0134785 1.24236
10 80 430 500 -0.0138718 0.922263
10 80 440 510 -0.00984071 0.910766
10 90 440 520 -0.0128057 0.767325
10 90 520 600 -0.010146 0.72614
10 90 460 540 -0.0111022 0.756197
10 90 490 570 -0.00974373 12.6497
20 30 40 50 -4.69363 0.0416123
20 30 50 60 -0.751057 0
20 30 60 70 -0.198731 0
20 30 70 80 -0.0735016 0.436226
20 30 80 90 -0.0269815 1.1747
20 40 80 100 -0.14963 0.464353
20 40 100 120 -0.0455346 2.5625
20 40 110 130 -0.0349609 0
20 40 130 150 -0.0248839 0.506523
20 40 120 140 -0.0304163 0.201851
20 40 140 160 -0.0163812 0.884432
20 40 150 170 -0.0216051 0.518944
20 50 150 180 -0.0448385 1.01463
20 50 180 210 -0.0284798 2.32288
20 50 170 200 -0.0391251 1.06404
20 50 200 230 -0.0190996 2.51311
20 50 190 220 -0.0308108 2.30948
20 50 210 240 -0.0208136 1.01081
20 60 210 250 -0.037063 0.278121
20 60 230 270 -0.0241254 0.457493
20 60 270 310 -0.0216691 14.8853
20 60 240 280 -0.0270227 1.80928
20 60 280 320 -0.0314694 0.185552
20 60 260 300 -0.0179271 1.4857
20 70 270 320 -0.0324314 0.610892
20 70 320 370 -0.0280346 0.0305134
20 70 290 340 -0.0344851 2.18632
20 70 300 350 -0.0269132 2.39208
20 70 310 360 -0.0260242 2.4223
20 80 330 390 -0.0267729 0.751806
20 80 390 450 -0.0160809 2.82002
20 80 350 410 -0.0161183 0.6618
20 80 360 420 -0.0178656 0.581591
20 80 370 430 -0.0154221 0.607116
20 80 380 440 -0.01518 1.10992
20 80 400 460 -0.0247879 1.00087
20 90 460 530 -0.0179622 1.5313
20 90 410 480 -0.0143703 1.87125
20 90 420 490 -0.0122008 19.9065
20 90 440 510 -0.0138921 6.36162
20 90 450 520 -0.00984071 4.68589
20 100 450 530 -0.0128057 4.89746
20 110 580 670 -0.00614776 3.00999
20 110 590 680 -0.00585314 3.04018
20 110 610 700 -0.00395161 5.0908
30 40 50 60 -4.29932 0.0321229
30 40 60 70 -0.764612 0.0315296
30 40 70 80 -0.198198 0.030795
30 40 80 90 -0.0728014 0.0435961
30 40 90 100 -0.0271628 1.01904
30 50 90 110 -0.143368 0.957369
30 50 110 130 -0.0450885 3.59643
30 50 120 140 -0.0349609 0.307871
30 50 140 160 -0.0250535 0.775961
30 50 130 150 -0.0308959 0.137771
30 50 150 170 -0.0160735 0.474684
30 50 160 180 -0.0220139 1.52045
30 60 160 190 -0.0457229 0.625296
30 60 190 220 -0.0284408 0.384868
30 60 180 210 -0.0416581 0.948313
30 60 200 230 -0.0308108 0.325366
30 60 230 260 -0.0132626 13.6971
30 60 220 250 -0.0208136 2.30846
30 70 220 260 -0.037063 1.43938
30 70 280 320 -0.0218156 0.807878
30 70 290 330 -0.0311262 0.115464
30 80 280 330 -0.031854 0.985583
30 80 300 350 -0.0335794 0.653675
30 80 310 360 -0.0265082 0.740014
30 80 320 370 -0.0260743 0.556614
30 80 340 390 -0.0159231 4.71711
30 90 340 400 -0.0265298 3.3174
30 90 400 460 -0.0160809 3.98109
30 90 360 420 -0.0165256 2.63561
30 90 370 430 -0.0182201 1.39046
30 90 380 440 -0.0156544 5.52882
30 90 390 450 -0.0152764 3.05429
30 90 410 470 -0.0240262 0.936168
30 100 400 470 -0.0156287 1.86258
30 100 470 540 -0.017931 0.758707
30 100 460 530 -0.00984071 4.1573
30 110 460 540 -0.0128057 1.57287
30 110 540 620 -0.010146 3.25703
30 110 480 560 -0.0111022 2.64135
30 110 490 570 -0.0109612 2.83539
30 110 500 580 -0.0111267 2.95465
30 110 510 590 -0.00974373 4.95787
30 110 520 600 -0.0119304 4.32568
30 110 530 610 -0.00937634 4.86199
30 120 520 610 -0.0127127 4.29837
30 120 540 630 -0.0113553 3.51214
30 120 550 640 -0.00999291 3.43276
30 120 560 650 -0.00879318 4.35614
30 120 570 660 -0.00838475 3.74677
30 120 580 670 -0.00769805 2.2811
30 120 590 680 -0.00614776 2.4374
30 120 600 690 -0.00585314 3.64712
30 120 620 710 -0.00395161 4.03212
40 50 60 70 -4.68732 0.0416682
40 50 70 80 -0.774323 0.03193
40 50 80 90 -0.198198 0
40 50 90 100 -0.0687473 0.33149
40 50 100 110 -0.0279623 0.170234
40 50 110 120 -0.0194703 14.8543
40 60 100 120 -0.132953 0.674594
40 60 120 140 -0.0437362 2.18723
40 60 130 150 -0.0348481 0.0936826
40 60 150 170 -0.0255476 0.0713791
40 60 140 160 -0.0316704 0.503429
40 60 160 180 -0.0159664 0.263284
40 60 170 190 -0.0231448 1.31509
40 70 170 200 -0.0464418 13.6689
40 70 200 230 -0.03044 0.527934
40 70 220 250 -0.0190996 0.327001
40 70 210 240 -0.0308108 0.701487
40 80 230 270 -0.037063 0.435481
40 80 270 310 -0.0237684 2.80133
40 80 250 290 -0.0235878 0.46938
40 80 290 330 -0.0218156 2.4326
40 80 260 300 -0.0270227 0.145799
40 80 300 340 -0.0311262 0.83242
40 80 280 320 -0.0171475 0.144501
40 90 290 340 -0.031854 0.166383
40 90 340 390 -0.0280426 1.70823
40 90 310 360 -0.0333464 1.82951
40 90 360 410 -0.018447 0.85957
40 90 320 370 -0.0263416 3.20638
40 90 330 380 -0.0261697 6.27273
40 90 350 400 -0.0163209 4.46871
40 100 350 410 -0.026527 3.57696
40 100 410 470 -0.0163322 0.515794
40 110 410 480 -0.0156287 0.960171
40 110 480 550 -0.0179051 1.0504
40 110 440 510 -0.0122008 1.96191
40 110 450 520 -0.0134247 1.75091
40 110 460 530 -0.0138921 0.472172
40 110 470 540 -0.00984071 1.83988
40 120 550 630 -0.010146 1.67005
40 120 490 570 -0.0111022 2.90855
40 130 530 620 -0.0127127 3.55502
40 130 550 640 -0.0113553 2.7787
40 130 560 650 -0.00999291 4.62105
40 130 570 660 -0.00879318 3.51804
40 130 580 670 -0.00838475 0.054448
40 130 590 680 -0.00769805 1.09749
40 130 600 690 -0.00614776 1.38505
40 130 610 700 -0.00585314 2.11159
50 60 70 80 -4.66163 0.0513142
50 60 80 90 -0.764612 0.0515276
50 60 90 100 -0.186408 0.205851
50 60 100 110 -0.0620256 0.426003
50 60 110 120 -0.0273935 0.0267406
50 60 120 130 -0.0194703 9.52663
50 70 110 130 -0.120423 1.37708
50 70 130 150 -0.0439791 4.31491
50 70 140 160 -0.0357276 0.791635
50 70 150 170 -0.0323202 1.0153
50 70 170 190 -0.0155516 0.639632
50 70 180 200 -0.0248212 2.04351
50 80 180 210 -0.0485205 0.332174
50 80 210 240 -0.0322243 1.87683
50 80 200 230 -0.0448871 0.183775
50 80 230 260 -0.0196885 0.691855
50 80 220 250 -0.0311216 0.251061
50 80 250 280 -0.0152781 0.684816
50 80 240 270 -0.0207522 0.538113
50 90 280 320 -0.0249611 0.422072
50 90 300 340 -0.0218156 0.0787212
50 90 310 350 -0.0311262 0.101547
50 90 290 330 -0.0171475 0.921086
50 100 300 350 -0.031854 0.346065
50 100 350 400 -0.0278042 1.63839
50 100 370 420 -0.0185737 0.661096
50 100 340 390 -0.0262478 3.25244
50 110 360 420 -0.0265247 2.03654
50 110 420 480 -0.0165333 1.67798
50 110 380 440 -0.0170957 4.68693
50 110 390 450 -0.018486 2.83851
50 110 410 470 -0.01539 1.28527
50 110 430 490 -0.0240262 8.05183
50 120 420 490 -0.0153313 2.39882
50 120 490 560 -0.0178831 1.77603
50 120 440 510 -0.0143703 1.85986
50 120 450 520 -0.0122008 0.983941
50 120 460 530 -0.0134247 0.404751
50 120 470 540 -0.0138921 1.05176
50 130 480 560 -0.0128057 1.35511
50 130 560 640 -0.010146 5.85037
50 130 500 580 -0.0111022 1.10508
50 130 510 590 -0.0109612 2.3465
50 130 520 600 -0.0111267 2.29714
50 130 530 610 -0.00974373 2.57973
50 130 540 620 -0.0119304 2.69672
50 130 550 630 -0.00937634 2.66066
50 140 540 630 -0.0127127 2.95169
50 140 560 650 -0.0113553 4.47177
50 140 570 660 -0.00999291 3.77315
50 140 580 670 -0.00879319 1.27443
50 140 590 680 -0.00838475 1.99036
50 140 600 690 -0.00769805 2.84043
50 140 610 700 -0.00614776 3.54542
50 140 620 710 -0.00585314 4.10046
60 70 80 90 -3.42448 0.0403292
60 70 90 100 -0.751374 0.34233
60 70 100 110 -0.151911 0.559618
60 70 110 120 -0.0555439 0.632679
60 70 120 130 -0.0273935 0.0492624
60 80 120 140 -0.109525 0.82404
60 80 140 160 -0.045357 1.14484
60 80 150 170 -0.0381332 0.074361
60 80 170 190 -0.0261133 0.512431
60 80 160 180 -0.0327302 0.214995
60 80 180 200 -0.0151903 4.84312
60 80 190 210 -0.0259321 0.500175
60 90 220 250 -0.0352262 0.607982
60 90 210 240 -0.048017 1.23818
60 90 240 270 -0.0191977 1.09316
60 100 290 330 -0.0256495 2.99233
60 100 310 350 -0.0203156 4.8442
60 100 280 320 -0.0241621 0.817793
60 100 320 360 -0.0302857 0.448777
60 110 310 360 -0.030951 0.163351
60 110 360 410 -0.0275688 0.844125
60 110 330 380 -0.031325 4.15992
60 110 380 430 -0.0188087 1.73972
60 110 340 390 -0.0252747 2.23341
60 110 350 400 -0.0263128 2.03362
60 110 370 420 -0.0168995 3.65431
60 120 370 430 -0.0265247 0.521419
60 120 430 490 -0.0166977 1.28317
60 120 390 450 -0.0170957 1.86941
60 120 410 470 -0.0159279 0.756621
60 120 420 480 -0.01539 1.12116
60 130 430 500 -0.0153313 1.52617
60 130 500 570 -0.0178642 3.0081
60 130 450 520 -0.0143703 0.864722
60 130 460 530 -0.0122008 0.208971
60 130 470 540 -0.0134247 0.464174
60 130 480 550 -0.0138921 2.80115
60 130 490 560 -0.00984071 1.65376
60 140 490 570 -0.0128057 0.999256
60 140 570 650 -0.010146 2.58119
60 140 510 590 -0.0111022 5.95987
60 140 520 600 -0.0109612 4.52013
60 140 530 610 -0.0111267 8.42953
60 140 540 620 -0.00974373 7.4424
60 140 550 630 -0.0119304 5.92584
60 140 560 640 -0.00937634 4.86627
60 150 550 640 -0.0127127 2.89445
60 150 570 660 -0.0113553 4.13062
60 150 580 670 -0.00999291 0.0846665
60 150 590 680 -0.00879318 1.62654
60 150 600 690 -0.00838475 2.01492
60 150 610 700 -0.00769805 2.3473
60 150 620 710 -0.00614776 2.10033
70 80 90 100 -5.79651 0.0891482
70 80 100 110 -0.477497 0.529503
70 80 110 120 -0.144195 0.0627059
70 80 120 130 -0.051716 4.5919
70 80 130 140 -0.0268247 0.0995433
70 90 130 150 -0.104075 2.57857
70 90 150 170 -0.0468307 5.35466
70 90 160 180 -0.0398886 2.01519
70 90 180 200 -0.0261437 3.35262
70 90 170 190 -0.0330269 1.47937
70 90 190 210 -0.0151701 2.69443
70 90 200 220 -0.0271604 4.56479
70 100 200 230 -0.0522718 2.72703
70 100 230 260 -0.0380727 1.646
70 100 220 250 -0.0508977 1.01064
70 100 270 300 -0.0184378 14.6952
70 110 260 300 -0.0372336 3.80961
70 110 320 360 -0.0205963 1.70001
70 120 320 370 -0.0305356 1.17658
70 120 340 390 -0.0310393 0.984796
70 120 390 440 -0.0193575 9.58599
70 120 350 400 -0.0249568 1.00406
70 120 360 410 -0.0263679 1.29157
70 120 380 430 -0.0170928 3.35159
70 130 380 440 -0.026247 2.13446
70 130 400 460 -0.0171221 1.5339
70 130 410 470 -0.0187215 0.556278
70 130 420 480 -0.0159279 0.879473
70 130 430 490 -0.01539 1.14033
70 130 450 510 -0.0240262 1.11593
70 140 440 510 -0.0153313 1.53914
70 140 460 530 -0.0143703 1.22982
70 140 470 540 -0.0122008 1.20505
70 140 480 550 -0.0134247 2.05637
70 140 490 560 -0.0138921 1.95349
70 140 500 570 -0.00984071 2.01589
70 150 500 580 -0.0128057 1.53839
70 150 520 600 -0.0111022 1.85136
70 150 530 610 -0.0109612 1.96725
70 150 540 620 -0.0111267 1.86902
70 150 550 630 -0.00974373 2.16443
70 150 560 640 -0.0119304 2.01255
70 150 570 650 -0.00937634 2.01308
70 160 560 650 -0.0127127 1.85322
70 160 580 670 -0.0113553 1.13651
70 160 590 680 -0.00999291 2.35067
70 160 600 690 -0.00879319 1.75035
70 160 610 700 -0.00838475 2.86475
70 160 620 710 -0.00769805 3.40615
80 90 100 110 -3.62053 0.0762909
80 90 110 120 -0.404698 0.402428
80 90 120 130 -0.137653 0.182061
80 90 130 140 -0.0505556 0.763537
80 90 140 150 -0.0298662 2.752
80 90 150 160 -0.0271825 4.22251
80 100 140 160 -0.110706 2.51651
80 100 190 210 -0.0261437 0.636542
80 100 180 200 -0.0337353 4.3736
80 100 210 230 -0.0289543 3.54553
80 110 210 240 -0.0554744 1.09518
80 110 240 270 -0.0407638 0.268629
80 110 230 260 -0.0514362 3.07309
80 110 260 290 -0.0186824 2.18091
80 110 280 310 -0.0207263 1.34988
80 120 270 310 -0.0342023 0.494891
80 120 310 350 -0.0256495 3.51006
80 120 290 330 -0.0204689 3.60244
80 120 330 370 -0.0214247 0.307096
80 120 340 380 -0.0301126 0.529435
80 120 320 360 -0.0175597 0.839684
80 130 330 380 -0.0296767 0.746886
80 130 380 430 -0.0274097 1.01799
80 130 350 400 -0.0305222 0.859631
80 130 400 450 -0.0197782 0.532257
80 130 360 410 -0.0245065 0.245602
80 130 370 420 -0.0262827 0.493143
80 130 390 440 -0.0173291 2.46965
80 140 390 450 -0.0262702 0.388052
80 140 450 510 -0.0168348 0.302808
80 140 410 470 -0.0173511 0.137617
80 140 420 480 -0.0187215 0.30824
80 140 430 490 -0.0159279 2.09139
80 140 440 500 -0.0159527 4.87548
80 140 460 520 -0.0240262 0.84467
80 150 450 520 -0.0153313 0.223565
80 150 520 590 -0.0178336 0.777412
80 150 470 540 -0.0143703 0.416659
80 150 490 560 -0.0134247 2.906
80 150 500 570 -0.0138921 1.14142
80 160 510 590 -0.012797 18.5325
80 160 590 670 -0.010146 1.15404
80 160 550 630 -0.0111267 15.9639
80 160 560 640 -0.00974373 4.92353
80 170 590 680 -0.0113553 0.729622
80 170 600 690 -0.00999291 4.42547
80 170 610 700 -0.00879319 2.31861
80 170 620 710 -0.00838475 4.27898
90 100 110 120 -4.17137 0.0468221
90 100 120 130 -0.404698 0.526336
90 100 130 140 -0.138838 1.356
90 100 140 150 -0.0517062 0.0301822
90 100 150 160 -0.0262312 4.56061
90 110 150 170 -0.130482 1.93352
90 110 170 190 -0.0501502 3.45244
90 110 180 200 -0.0476337 2.10722
90 110 200 220 -0.0261312 4.60569
90 110 190 210 -0.0338618 1.59886
90 110 210 230 -0.015613 3.49784
90 110 220 240 -0.0300651 7.83715
90 120 220 250 -0.0569657 4.50649
90 120 250 280 -0.0423001 1.95332
90 120 240 270 -0.0528432 1.30647
90 120 270 300 -0.0213064 2.72598
90 120 260 290 -0.030979 2.61628
90 120 280 310 -0.0215421 3.07231
90 130 320 360 -0.0272202 2.06646
90 130 300 340 -0.019638 2.1683
90 140 390 440 -0.0269607 4.09677
90 140 360 410 -0.0298759 1.34998
90 140 410 460 -0.0200039 6.85446
90 140 370 420 -0.0243581 1.08546
90 140 380 430 -0.026336 1.67662
90 140 400 450 -0.0173291 1.27983
90 150 400 460 -0.0263975 1.68843
90 150 420 480 -0.0178933 0.971204
90 150 430 490 -0.0187215 1.11101
90 150 440 500 -0.0161389 1.52253
90 150 450 510 -0.0166405 1.29844
90 150 470 530 -0.0249133 0.35053
90 160 460 530 -0.0154073 1.02351
90 160 530 600 -0.0178336 2.22446
90 160 480 550 -0.0143703 1.67713
90 160 490 560 -0.0120964 1.63914
90 160 500 570 -0.0134785 1.42922
90 160 510 580 -0.0138921 1.31087
90 160 520 590 -0.00978711 1.63145
90 170 520 600 -0.012797 2.46332
90 170 540 620 -0.0111022 2.19989
90 170 550 630 -0.0109612 2.5593
90 170 560 640 -0.0111267 2.2469
90 170 570 650 -0.00974373 2.46746
90 170 580 660 -0.0119304 2.38046
90 170 590 670 -0.00937634 3.96956
90 180 580 670 -0.0127127 0.266223
100 110 120 130 -3.36967 0.0501964
100 110 130 140 -0.53926 0.156458
100 110 140 150 -0.138838 0.139018
100 110 150 160 -0.0539717 0.53083
100 110 160 170 -0.0282264 0.908397
100 110 170 180 -0.0282114 10.0236
100 120 160 180 -0.1574 2.34791
100 120 190 210 -0.0497025 1.02875
100 120 200 220 -0.0341942 0.720832
100 120 230 250 -0.0302201 0.0307977
100 130 230 260 -0.0587956 0.27483
100 130 260 290 -0.0451819 1.02629
100 130 250 280 -0.054199 0.882694
100 130 270 300 -0.0315694 2.15027
100 140 290 330 -0.0322162 4.45411
100 140 310 350 -0.0197977 3.84562
100 140 320 360 -0.023211 1.2488
100 150 370 420 -0.0297075 1.78017
100 150 380 430 -0.0242097 2.95296
100 150 390 440 -0.026399 1.43248
100 150 410 460 -0.0176245 1.39423
100 160 410 470 -0.026387 0.439563
100 160 430 490 -0.0183415 1.16319
100 160 440 500 -0.0193091 1.21635
100 160 450 510 -0.0165969 1.18094
100 160 460 520 -0.0175002 1.47506
100 160 480 540 -0.024656 1.05794
100 170 470 540 -0.0154073 0.742932
100 170 540 610 -0.0175886 8.77635
100 170 490 560 -0.0141167 1.54981
100 170 500 570 -0.0119343 1.89183
100 170 510 580 -0.0134785 1.30802
100 170 520 590 -0.0138302 1.591
100 170 530 600 -0.00976763 1.50468
100 180 590 670 -0.0119304 6.33519
100 180 600 680 -0.00937634 9.15476
100 190 590 680 -0.0127127 3.6807
100 190 610 700 -0.0113553 4.43104
100 190 620 710 -0.00999291 4.60972
110 120 130 140 -3.87394 0.0504171
110 120 140 150 -0.573338 0.0905466
110 120 150 160 -0.145906 0.294647
110 120 160 170 -0.069472 0.206084
110 120 170 180 -0.0294577 2.62526
110 130 170 190 -0.182981 0.343185
110 130 190 210 -0.052913 0.536571
110 130 200 220 -0.0503151 0.545312
110 130 210 230 -0.0338292 0.482888
110 130 230 250 -0.0179824 2.04229
110 130 240 260 -0.030375 0.893066
110 140 240 270 -0.0606223 0.488618
110 140 270 300 -0.0457427 1.19792
110 140 260 290 -0.0561454 1.30315
110 140 280 310 -0.0315736 2.2037
110 140 310 340 -0.0241588 1.25062
110 140 300 330 -0.021707 2.52797
110 150 300 340 -0.0312763 2.11383
110 150 320 360 -0.0197976 0.560323
110 150 360 400 -0.0226246 4.02587
110 150 330 370 -0.0246491 15.5985
110 150 370 410 -0.0285656 15.1838
110 160 360 410 -0.0283624 0.772
110 160 410 460 -0.0260948 3.49091
110 160 380 430 -0.0297075 1.3179
110 160 430 480 -0.0204147 2.32746
110 160 390 440 -0.0242097 1.37282
110 160 400 450 -0.0264746 1.12023
110 160 420 470 -0.0180043 0.269684
110 170 420 480 -0.026667 0.602444
110 170 480 540 -0.0175071 1.3664
110 170 440 500 -0.0187194 1.80483
110 170 450 510 -0.0205787 1.37942
110 170 460 520 -0.0174983 1.38977
110 170 470 530 -0.0179484 0.727542
110 170 490 550 -0.0241934 2.83739
110 180 550 620 -0.0175886 1.67462
110 190 620 700 -0.010146 5.69893
110 190 590 670 -0.00974373 2.81038
110 190 600 680 -0.0119304 4.75777
110 190 610 690 -0.00937634 14.7023
120 130 140 150 -3.15897 0
120 130 150 160 -0.589485 0.055393
120 130 160 170 -0.166363 0.10665
120 130 170 180 -0.0838534 0.449046
120 130 180 190 -0.0373655 1.05339
120 130 190 200 -0.028343 11.0656
120 140 180 200 -0.194903 0.589406
120 140 200 220 -0.0554154 5.01941
120 140 210 230 -0.0504762 0.329456
120 140 230 250 -0.0297547 0.0930809
120 140 220 240 -0.0333377 3.96749
120 140 240 260 -0.0201638 1.53506
120 140 250 270 -0.0306765 0.424635
120 150 250 280 -0.0643851 0.689126
120 150 280 310 -0.0463036 2.65789
120 150 270 300 -0.0576485 1.67533
120 150 300 330 -0.0293778 16.9865
120 150 290 320 -0.0315736 2.02471
120 150 320 350 -0.0261058 1.02207
120 150 310 340 -0.021707 2.01803
120 160 310 350 -0.0303364 1.7344
120 160 330 370 -0.0197975 1.91627
120 160 370 410 -0.022907 14.2998
120 160 360 400 -0.019134 0.974544
120 170 370 420 -0.0279995 0.675411
120 170 420 470 -0.0256743 1.27752
120 170 390 440 -0.03006 1.71423
120 170 440 490 -0.02049 8.73566
120 170 400 450 -0.0242768 1.06021
120 170 410 460 -0.0266131 2.00516
120 170 430 480 -0.019357 0.382038
120 180 490 550 -0.0176955 1.76208
120 190 490 560 -0.0146841 5.65318
120 190 560 630 -0.0175865 3.35929
120 200 630 710 -0.010146 2.90895
120 200 590 670 -0.0111267 2.37315
120 200 600 680 -0.00974373 5.65743
130 140 150 160 -4.36622 0.0316307
130 140 160 170 -0.623304 0.0292855
130 140 170 180 -0.238545 0.248036
130 140 180 190 -0.0971199 0
130 140 190 200 -0.0410489 1.73948
130 140 200 210 -0.0282433 3.51576
130 150 190 210 -0.200198 0.346719
130 150 210 230 -0.0557016 1.37311
130 150 220 240 -0.046807 1.52973
130 150 240 260 -0.0299231 0.402314
130 150 230 250 -0.0324345 0.833582
130 150 250 270 -0.0210689 0.732277
130 150 260 280 -0.0314671 2.76743
130 160 260 290 -0.0669209 0.686161
130 160 290 320 -0.0451819 0.38246
130 160 280 310 -0.058446 0.949251
130 160 310 340 -0.0323986 0.678728
130 160 300 330 -0.0316027 0.839739
130 160 330 360 -0.0272443 5.14646
130 160 320 350 -0.0215355 2.03266
130 170 320 360 -0.0305531 0.314924
130 170 360 400 -0.0304812 0.435557
130 170 340 380 -0.0197218 1.95317
130 170 380 420 -0.0229525 2.1546
130 170 350 390 -0.0225105 1.50184
130 170 390 430 -0.0277306 0.909018
130 170 370 410 -0.019134 0.875155
130 180 380 430 -0.027928 1.54672
130 180 430 480 -0.0250052 0.246107
130 180 450 500 -0.0207225 0.839067
130 180 420 470 -0.0265451 0
130 190 500 560 -0.0179258 0.919661
130 190 460 520 -0.020857 2.2312
130 190 470 530 -0.0219347 0.0272919
130 190 480 540 -0.0177729 1.9745
130 200 570 640 -0.0175842 0.81642
130 210 590 670 -0.0109612 2.10751
130 210 600 680 -0.0111267 13.2956
140 150 160 170 -4.49245 0.030742
140 150 170 180 -0.832438 0.0473981
140 150 180 190 -0.258085 0.0572129
140 150 190 200 -0.0971517 0.554852
140 150 200 210 -0.0446204 0.784882
140 150 210 220 -0.0280439 7.86711
140 160 200 220 -0.201424 0.285787
140 160 220 240 -0.0604203 0.1438
140 160 230 250 -0.0465017 0.118279
140 160 250 270 -0.0342568 0.912503
140 160 240 260 -0.0321173 0.519957
140 160 260 280 -0.0226989 1.40172
140 160 270 290 -0.0318096 1.0695
140 170 270 300 -0.0671421 1.76761
140 170 300 330 -0.0436258 1.30301
140 170 290 320 -0.0590759 0.365655
140 170 320 350 -0.0320683 0.63504
140 170 310 340 -0.0319115 2.19226
140 170 340 370 -0.0272443 8.66125
140 170 330 360 -0.0215355 0.482336
140 180 330 370 -0.029791 2.11019
140 180 370 410 -0.0316337 0.818751
140 180 350 390 -0.0197218 3.52952
140 180 390 430 -0.0229297 0.703501
140 180 400 440 -0.027202 1.49097
140 190 390 440 -0.0279185 7.7303
140 190 440 490 -0.0250052 1.54296
140 190 460 510 -0.0208487 2.05351
140 190 420 470 -0.024649 0.0805067
140 190 430 480 -0.0266837 1.59331
140 200 450 510 -0.02835 7.43808
140 200 510 570 -0.0187417 1.21454
140 200 470 530 -0.0218521 1.26153
140 200 480 540 -0.02253 2.39492
140 210 580 650 -0.0175815 1.90174
140 220 590 670 -0.0111022 5.23342
150 160 170 180 -5.0903 0.0271314
150 160 180 190 -0.832438 0.253991
150 160 190 200 -0.238545 0.209989
150 160 200 210 -0.0993354 0.648672
150 160 210 220 -0.0503575 4.15882
150 170 210 230 -0.214945 0.0969073
150 170 230 250 -0.0628752 0.162326
150 170 240 260 -0.0428324 0.637307
150 170 260 280 -0.0390586 0.655754
150 170 250 270 -0.036259 0.568085
150 170 270 290 -0.0238157 0.77486
150 170 280 300 -0.0321344 2.77607
150 180 280 310 -0.0692699 2.7143
150 180 310 340 -0.0430562 0.802442
150 180 300 330 -0.0577354 1.41827
150 180 330 360 -0.032043 1.48733
150 180 350 380 -0.0274212 2.5675
150 180 340 370 -0.0215355 6.9114
150 190 340 380 -0.0295831 2.56492
150 190 380 420 -0.0322129 1.47317
150 190 360 400 -0.0199955 2.02139
150 190 400 440 -0.0229297 1.3179
150 190 370 410 -0.0237122 1.02491
150 190 410 450 -0.027202 0.751163
150 190 390 430 -0.0215274 1.56115
150 200 450 500 -0.0246615 0.710336
150 200 420 470 -0.0293492 0.785667
150 200 470 520 -0.0213603 0.0477055
150 200 430 480 -0.0252402 3.81481
150 210 460 520 -0.0295995 2.91251
150 210 520 580 -0.0187417 0.831492
150 210 480 540 -0.0228674 4.19648
150 220 590 660 -0.0175784 0.938559
150 230 600 680 -0.0111022 2.44106
150 230 610 690 -0.0109612 4.35881
150 230 620 700 -0.0111267 4.57925
150 230 630 710 -0.00974373 8.32435
160 170 180 190 -3.70853 0.0372403
160 170 190 200 -0.832438 0.0329721
160 170 200 210 -0.24311 0.073138
160 170 210 220 -0.101807 1.77185
160 170 220 230 -0.053606 4.66742
160 170 230 240 -0.0325339 9.99631
160 180 220 240 -0.216171 2.50338
160 180 240 260 -0.067966 0.700347
160 180 270 290 -0.0412161 1.20334
160 180 280 300 -0.0246894 0.689543
160 180 290 310 -0.0333608 2.89852
160 190 290 320 -0.0713977 0.474276
160 190 320 350 -0.041525 2.81087
160 190 310 340 -0.05574 4.5895
160 190 340 370 -0.0330441 1.53461
160 190 330 360 -0.0315756 0.799285
160 190 360 390 -0.0275655 0.803478
160 200 350 390 -0.0293105 0.665683
160 200 390 430 -0.032635 0.815197
160 200 370 410 -0.0202691 0.0250921
160 200 410 450 -0.0229297 0.584654
160 210 410 460 -0.027887 0.943206
160 210 460 510 -0.0242318 1.01679
160 210 480 530 -0.0215855 9.61402
160 220 530 590 -0.0197989 3.60955
160 230 600 670 -0.0175747 1.50788
160 240 590 670 -0.0125284 1.08909
160 240 620 700 -0.0109612 11.6766
170 180 190 200 -5.664 0.0344832
170 180 200 210 -0.889786 0.0725945
170 180 220 230 -0.10399 1.97461
170 180 240 250 -0.0421875 8.76294
170 190 230 250 -0.225834 0.188864
170 190 250 270 -0.0684811 3.267
170 190 260 280 -0.0562019 4.75891
170 190 280 300 -0.052303 0.0288257
170 190 270 290 -0.0558692 6.31216
170 190 290 310 -0.0249827 0.121387
170 190 300 320 -0.0341439 0.614817
170 200 300 330 -0.0710576 1.67425
170 200 330 360 -0.04019 0.600638
170 200 350 380 -0.0329 1.58514
170 200 340 370 -0.0302402 1.94133
170 200 370 400 -0.0277478 1.06329
170 200 360 390 -0.0207317 5.07752
170 210 360 400 -0.02883 1.53365
170 210 400 440 -0.032635 0.527707
170 210 380 420 -0.0204886 1.8973
170 210 420 460 -0.0229407 1.22116
170 210 390 430 -0.0253425 2.01717
170 210 430 470 -0.0266135 0.844371
170 220 420 470 -0.0274403 2.02059
170 220 470 520 -0.0245344 1.27343
170 220 490 540 -0.0222666 0.571871
170 230 480 540 -0.0318723 0.570129
170 230 540 600 -0.0205915 1.21447
170 230 500 560 -0.0243111 2.87011
170 230 510 570 -0.0241274 2.65006
170 230 520 580 -0.0185937 3.12208
170 240 610 680 -0.0175747 2.64655
170 240 600 670 -0.00921544 2.79465
170 250 600 680 -0.0124904 1.06195
170 250 620 700 -0.0111022 2.15611
170 250 630 710 -0.0109612 2.51148
180 190 200 210 -4.53002 0.0806611
180 190 210 220 -0.889786 0.421581
180 190 220 230 -0.162761 3.72483
180 190 230 240 -0.116225 2.51242
180 190 250 260 -0.0522072 18.0062
180 200 240 260 -0.223717 0.502181
180 200 260 280 -0.0714104 3.10498
180 200 270 290 -0.0582248 1.39125
180 200 280 300 -0.0667816 3.92254
180 200 310 330 -0.0354425 2.9723
180 210 310 340 -0.0712973 1.70589
180 210 330 360 -0.0470872 4.80512
180 210 360 390 -0.0325636 9.10508
180 210 350 380 -0.029372 4.38579
180 210 370 400 -0.0204314 2.36942
180 220 370 410 -0.0280026 2.50312
180 220 410 450 -0.0332007 3.52646
180 220 390 430 -0.0216768 1.72173
180 220 430 470 -0.0229408 2.73555
180 220 440 480 -0.026326 3.77601
180 230 430 480 -0.026716 1.19869
180 230 450 500 -0.0293776 1.69903
180 230 460 510 -0.0275933 1.96644
180 230 470 520 -0.0292424 1.02502
180 230 490 540 -0.0367179 1.53678
180 240 490 550 -0.0325437 2.17236
180 240 510 570 -0.0248594 1.75685
180 240 520 580 -0.0245474 1.73688
180 240 530 590 -0.0187578 2.00978
180 240 540 600 -0.0176641 1.85652
180 240 560 620 -0.0233247 2.01835
180 250 550 620 -0.0125505 2.02043
180 250 570 640 -0.0137196 1.58671
180 250 580 650 -0.0148497 1.50581
180 250 590 660 -0.0148641 1.76908
180 250 600 670 -0.0137626 2.87059
180 250 610 680 -0.00921544 4.20948
180 260 610 690 -0.0124333 3.27927
180 260 630 710 -0.0111022 3.27677
190 200 210 220 -6.22159 0.150554
190 200 220 230 -0.79543 1.52781
190 200 230 240 -0.220802 0.636978
190 200 240 250 -0.128173 3.02531
190 200 260 270 -0.0614949 16.4477
190 210 250 270 -0.23338 0.117655
190 210 270 290 -0.0748347 1.31852
190 210 280 300 -0.061553 3.97054
190 210 300 320 -0.0649343 0.557495
190 210 290 310 -0.0682445 2.56351
190 210 310 330 -0.0252761 0.931695
190 220 350 380 -0.0390548 1.17295
190 220 340 370 -0.042116 0.459064
190 220 370 400 -0.0322945 0.991722
190 220 390 420 -0.0298974 1.24827
190 230 380 420 -0.0275909 1.30055
190 230 420 460 -0.03272 1.88441
190 230 400 440 -0.0228958 1.75637
190 230 440 480 -0.0229151 16.6908
190 230 410 450 -0.0259019 1.41576
190 230 450 490 -0.0255525 10.2207
190 230 430 470 -0.0234836 0.41453
190 240 440 490 -0.0267808 1.84376
190 240 490 540 -0.0258226 5.00073
190 240 460 510 -0.0293776 1.27952
190 240 510 560 -0.0241123 8.7037
190 240 470 520 -0.0275933 0.938325
190 240 480 530 -0.0295587 0.554147
190 240 500 550 -0.0401608 4.95353
190 250 500 560 -0.0325437 1.82267
190 250 520 580 -0.0248594 1.16979
190 250 530 590 -0.0261888 1.59158
190 250 540 600 -0.0192198 1.74765
190 250 550 610 -0.0177188 2.06037
190 250 570 630 -0.0238845 1.72782
190 260 560 630 -0.012336 7.09991
190 260 630 700 -0.0175648 10.0894
190 260 590 660 -0.0154717 13.799
190 260 600 670 -0.0153316 1.34644
190 260 610 680 -0.0136897 4.83298
190 260 620 690 -0.00914398 7.51137
190 270 620 700 -0.0124333 3.78915
200 210 220 230 -4.29414 0.0719158
200 210 230 240 -0.79543 0.130219
200 210 240 250 -0.259624 0.028922
200 210 250 260 -0.140408 15.6806
200 210 260 270 -0.132338 15.5692
200 220 280 300 -0.078259 1.0096
200 220 290 310 -0.0621702 4.20615
200 220 310 330 -0.0684333 0.996982
200 220 300 320 -0.0729638 1.39373
200 220 330 350 -0.0355963 4.6228
200 230 330 360 -0.0639535 2.18443
200 230 360 390 -0.0392902 3.95962
200 230 350 380 -0.0384344 2.44395
200 230 370 400 -0.0286774 1.46137
200 230 390 420 -0.0198302 1.02871
200 240 390 430 -0.0280026 1.01465
200 240 430 470 -0.03272 4.02307
200 240 410 450 -0.0232832 1.53441
200 240 420 460 -0.025666 2.4932
200 240 440 480 -0.0242045 1.79565
200 250 450 500 -0.026605 1.29267
200 250 470 520 -0.0293776 0.800769
200 250 480 530 -0.0282467 0.0640111
200 250 490 540 -0.0328843 1.14336
200 250 510 560 -0.0401608 1.5286
200 260 510 570 -0.0350549 3.25992
200 260 530 590 -0.0263713 3.21593
200 260 540 600 -0.0270819 3.82759
200 260 550 610 -0.0194149 4.10826
200 260 560 620 -0.0178063 4.37522
200 260 580 640 -0.0246285 4.21952
200 270 570 640 -0.01211 3.89563
200 270 590 660 -0.013757 7.44598
200 270 600 670 -0.0154717 3.8515
200 270 610 680 -0.0153316 4.67338
200 270 620 690 -0.0136897 9.31464
200 270 630 700 -0.00903679 14.2042
210 220 230 240 -4.16609 0
210 220 240 250 -0.80533 0.3483
210 220 260 270 -0.135213 4.69308
210 220 280 290 -0.0581705 13.4184
210 230 270 290 -0.265403 0.0309853
210 230 290 310 -0.0791019 5.16555
210 230 300 320 -0.0624489 1.39272
210 230 320 340 -0.0644493 2.05985
210 230 310 330 -0.0738497 1.33867
210 230 340 360 -0.0317628 4.44099
210 240 340 370 -0.0575987 2.50042
210 240 370 400 -0.0390081 15.1511
210 240 360 390 -0.0383815 0.977901
210 240 390 420 -0.0309487 10.52
210 240 380 410 -0.0283649 1.48261
210 240 400 430 -0.0207179 1.01267
210 250 400 440 -0.028826 1.44458
210 250 420 460 -0.0237812 1.61765
210 250 430 470 -0.025666 0.393985
210 250 470 510 -0.0247205 4.54656
210 250 450 490 -0.0263981 0.951657
210 260 460 510 -0.0271498 1.95346
210 260 480 530 -0.0309899 0.702507
210 260 530 580 -0.0259287 7.68836
210 260 490 540 -0.0294285 1.44244
210 260 500 550 -0.0369711 3.74022
210 270 520 580 -0.0385579 1.62033
210 270 580 640 -0.0223265 13.09
210 270 540 600 -0.0282082 5.73373
210 270 550 610 -0.0288612 15.6982
210 270 560 620 -0.0201969 13.6345
210 270 570 630 -0.0178743 13.5773
210 280 600 670 -0.013757 4.53659
210 280 610 680 -0.0154717 4.53377
220 230 240 250 -5.27719 0.0261705
220 230 250 260 -0.870126 0.781104
220 230 260 270 -0.33993 0.732463
220 230 270 280 -0.139145 18.5818
220 230 280 290 -0.0845215 5.28876
220 240 280 300 -0.269793 3.51773
220 240 310 330 -0.0633909 0.0251874
220 240 320 340 -0.0747107 0
220 240 350 370 -0.0299171 4.79029
220 250 350 380 -0.0557386 2.50219
220 250 370 400 -0.0371588 1.51796
220 250 390 420 -0.0281704 1.55884
220 250 410 440 -0.0215089 1.16257
220 260 410 450 -0.0301635 1.21245
220 260 430 470 -0.0258036 0.0293202
220 260 440 480 -0.0282485 2.27716
220 260 460 500 -0.0275723 1.94758
220 270 470 520 -0.0280409 0.539974
220 270 490 540 -0.0316664 1.65149
220 270 500 550 -0.0326007 2.44029
220 270 510 560 -0.0391657 2.72493
220 280 530 590 -0.0420702 4.11338
220 280 550 610 -0.0305885 4.54119
220 280 560 620 -0.0315452 3.77478
220 280 570 630 -0.0205574 3.9274
220 280 580 640 -0.0179287 3.9621
220 280 600 660 -0.0246285 4.34914
220 290 590 660 -0.01211 3.62443
220 290 610 680 -0.013757 4.95545
220 290 620 690 -0.0154717 3.94685
220 290 630 700 -0.0153316 4.10464
220 290 640 710 -0.0136897 3.7694
230 240 250 260 -3.37315 0
230 240 260 270 -0.878108 0.0293866
230 240 270 280 -0.325066 1.22356
230 240 280 290 -0.160719 9.99198
230 240 290 300 -0.0779702 13.8762
230 240 300 310 -0.0548462 0.20062
230 250 290 310 -0.274709 0.159348
230 250 310 330 -0.11813 0.894956
230 250 320 340 -0.0633909 0.169285
230 250 340 360 -0.0496969 4.43365
230 250 330 350 -0.0717991 0.936884
230 250 350 370 -0.0256746 0.599928
230 250 360 380 -0.026859 1.4798
230 260 360 390 -0.0520283 0.596889
230 260 390 420 -0.0356785 0.923074
230 260 380 410 -0.0348302 1.15121
230 260 410 440 -0.0291535 0.899107
230 260 400 430 -0.0281704 1.13305
230 260 430 460 -0.0277416 1.31488
230 260 420 450 -0.022191 4.59449
230 270 420 460 -0.0315659 12.0401
230 270 460 500 -0.0312728 0.924162
230 270 440 480 -0.0278261 1.11319
230 270 480 520 -0.0226628 1.13519
230 270 450 490 -0.0284203 4.763
230 270 490 530 -0.0245888 1.08093
230 270 470 510 -0.0285207 15.5686
230 280 480 530 -0.0292604 1.26597
230 280 530 580 -0.0277515 0.921901
230 280 550 600 -0.0269767 1.63577
230 290 600 660 -0.0236545 1.36772
230 290 610 670 -0.0246285 3.68897
230 300 600 670 -0.01211 3.61316
240 250 260 270 -7.08224 0.0675515
240 250 270 280 -0.878108 0.0681032
240 250 280 290 -0.191125 0.115745
240 250 290 300 -0.174104 9.85954
240 250 300 310 -0.0719075 3.59431
240 260 300 320 -0.27342 1.26766
240 260 320 340 -0.118293 8.12863
240 260 330 350 -0.0627333 1.82711
240 260 350 370 -0.0460937 0.176811
240 260 340 360 -0.0712249 1.83514
240 260 360 380 -0.0248014 2.62778
240 260 370 390 -0.0237835 1.34393
240 270 370 400 -0.0482983 1.01072
240 270 400 430 -0.0338021 0.57943
240 270 390 420 -0.0330022 0.922565
240 270 420 450 -0.0289252 0.973387
240 270 410 440 -0.0281704 11.4927
240 270 440 470 -0.0275079 1.57578
240 280 430 470 -0.0330667 0.720069
240 280 470 510 -0.0303899 0.59583
240 280 490 530 -0.0215491 0.89684
240 280 500 540 -0.0244776 1.17876
240 290 490 540 -0.0301515 1.02888
240 290 540 590 -0.0289169 2.34923
240 290 560 610 -0.0277628 2.58544
240 300 610 670 -0.0242961 1.42137
240 300 620 680 -0.0246285 11.3908
240 310 610 680 -0.01211 1.02944
240 310 630 700 -0.013757 8.10718
250 260 270 280 -3.34651 0.0922801
250 260 280 290 -0.878108 0
250 260 290 300 -0.325066 10.0903
250 260 300 310 -0.191746 5.09954
250 260 310 320 -0.0581966 0.0455321
250 270 310 330 -0.247006 0.18804
250 270 330 350 -0.103943 0.551013
250 270 340 360 -0.0617913 0.800459
250 270 360 380 -0.0440472 0.631153
250 270 350 370 -0.0634254 1.14076
250 270 370 390 -0.0246809 0.734431
250 270 380 400 -0.0220158 3.418
250 280 380 410 -0.0465401 0.848524
250 280 410 440 -0.0324886 0.24802
250 280 400 430 -0.0322795 1.70892
250 280 430 460 -0.028332 0.427795
250 280 450 480 -0.0275079 0.241917
250 280 440 470 -0.0235878 1.11903
250 290 440 480 -0.0338332 1.11271
250 290 480 520 -0.0274918 0.364423
250 290 500 540 -0.0213679 0.649387
250 290 510 550 -0.0243294 0.766103
250 290 490 530 -0.0307002 0.0470762
250 300 550 600 -0.0327414 0.859936
250 300 570 620 -0.0281639 0.854448
250 310 620 680 -0.0257845 1.09031
250 310 610 670 -0.0179288 1.63258
250 320 620 690 -0.01211 1.05204
250 320 640 710 -0.013757 1.20096
260 270 280 290 -5.57211 0.0495708
260 270 290 300 -0.855161 0.170594
260 270 300 310 -0.223213 0.780462
260 270 310 320 -0.185054 6.50765
260 270 320 330 -0.054861 17.5524
260 270 330 340 -0.0374938 0.490358
260 280 320 340 -0.213957 0.638838
260 280 340 360 -0.104177 1.42147
260 280 350 370 -0.0617913 2.46122
260 280 370 390 -0.0424761 1.31144
260 280 380 400 -0.0236872 1.38062
260 280 390 410 -0.0214973 5.48407
260 290 390 420 -0.044782 0.986282
260 290 420 450 -0.0324886 1.35293
260 290 410 440 -0.0315568 6.1436
260 290 440 470 -0.0276868 1.49831
260 290 460 490 -0.0275079 1.74105
260 290 450 480 -0.0245485 1.49247
260 300 450 490 -0.0341839 4.00616
260 300 490 530 -0.0277199 1.31529
260 300 470 510 -0.033787 4.89629
260 300 510 550 -0.0215011 2.5864
260 300 480 520 -0.0296624 1.60499
260 300 520 560 -0.0243271 0.847233
260 300 500 540 -0.0320539 3.83439
260 310 510 560 -0.0315784 4.6368
260 310 560 610 -0.0345679 3.04475
260 310 530 580 -0.0342915 4.84555
260 310 580 630 -0.0291882 4.23695
260 310 550 600 -0.0489173 19.1628
260 320 570 630 -0.0537324 1.51156
260 320 590 650 -0.0383063 1.53173
260 320 600 660 -0.0359978 1.35354
260 320 610 670 -0.0213575 1.48235
260 320 620 680 -0.0180831 1.70717
260 320 640 700 -0.0246285 1.61755
260 330 630 700 -0.0121082 4.93298
270 280 290 300 -4.55187 0.516683
270 280 300 310 -1.05972 1.37114
270 280 340 350 -0.0343295 1.5196
270 290 330 350 -0.180908 2.52577
270 290 350 370 -0.104177 0.487762
270 290 360 380 -0.0610782 7.22441
270 290 380 400 -0.0403508 6.55635
270 290 370 390 -0.0473711 2.61153
270 290 390 410 -0.0233921 4.78679
270 290 400 420 -0.0209788 5.79339
270 300 400 430 -0.0434085 1.8709
270 300 430 460 -0.0305184 3.27986
270 300 420 450 -0.0297288 4.74256
270 300 450 480 -0.0271936 3.88127
270 300 440 470 -0.027276 1.61094
270 300 470 500 -0.0264612 2.61938
270 300 460 490 -0.0250557 8.44837
270 310 460 500 -0.0337113 4.66123
270 310 480 520 -0.0344577 2.16705
270 310 520 560 -0.0215011 8.17817
270 310 490 530 -0.0300372 1.0471
270 310 530 570 -0.0246648 4.90288
270 310 510 550 -0.0329542 6.0345
270 320 520 570 -0.0320694 0.81268
270 320 540 590 -0.0344995 1.04454
270 320 550 600 -0.0457506 1.36849
270 330 580 640 -0.0573842 3.77721
270 330 600 660 -0.0391933 5.77255
270 330 610 670 -0.0371758 5.55569
270 330 620 680 -0.0216511 7.405
270 330 630 690 -0.0182299 9.11309
270 330 650 710 -0.0249187 13.3394
270 340 640 710 -0.0120302 17.2019
280 290 300 310 -4.194 0.0329296
280 290 310 320 -1.05972 0.256542
280 290 320 330 -0.304275 3.00138
280 290 340 350 -0.0534233 19.5017
280 290 350 360 -0.0309777 3.1491
280 300 340 360 -0.180908 1.50545
280 300 360 380 -0.107553 1.52579
280 300 370 390 -0.0586983 1.42146
280 300 390 410 -0.0402514 2.11128
280 300 380 400 -0.0427249 1.7822
280 300 400 420 -0.0231903 4.20065
280 300 410 430 -0.0204516 2.49393
280 310 410 440 -0.0406615 1.78956
280 310 430 460 -0.0297288 2.34614
280 310 450 480 -0.026689 0.646602
280 310 480 510 -0.024053 5.10864
280 310 470 500 -0.0258491 1.89785
280 320 470 510 -0.0339083 0.800069
280 320 490 530 -0.0349129 0.80903
280 320 500 540 -0.0301348 1.1538
280 320 520 560 -0.0340796 1.26761
280 330 530 580 -0.0328598 1.60118
280 330 550 600 -0.0355663 3.69732
280 330 560 610 -0.0483172 3.18969
280 340 610 670 -0.0405156 4.08196
280 340 620 680 -0.038188 4.19315
280 340 630 690 -0.0220286 3.87392
280 340 640 700 -0.0184187 3.52929
290 300 310 320 -4.6208 0.209217
290 300 320 330 -1.05972 0.261022
290 300 350 360 -0.0528765 3.74503
290 300 360 370 -0.0310896 2.85587
290 310 350 370 -0.201358 0.0981634
290 310 370 390 -0.10202 1.63553
290 310 380 400 -0.0556608 1.35784
290 310 400 420 -0.0352291 5.3041
290 310 390 410 -0.0427675 1.27123
290 310 410 430 -0.0225772 6.17261
290 310 420 440 -0.0199418 2.26722
290 320 420 450 -0.0406615 0.762642
290 320 440 470 -0.0297859 0.900024
290 320 470 500 -0.0268604 1.2523
290 320 460 490 -0.0270239 1.18506
290 320 480 510 -0.0259112 1.0875
290 330 480 520 -0.0336556 0.913898
290 330 520 560 -0.0271404 5.86041
290 330 500 540 -0.0349129 2.04443
290 330 540 580 -0.0212778 6.69138
290 330 510 550 -0.0301349 3.91007
290 330 530 570 -0.0348725 1.6857
290 340 540 590 -0.0340332 4.37112
290 340 560 610 -0.0377101 4.61811
290 340 570 620 -0.0488602 4.47722
290 350 620 680 -0.0419717 1.6032
290 350 630 690 -0.0394895 2.25786
290 350 640 700 -0.0223888 2.29134
290 350 650 710 -0.0184187 3.66223
300 310 320 330 -4.99165 0
300 310 330 340 -0.976216 0.178599
300 310 340 350 -0.127825 12.2019
300 310 360 370 -0.0542427 1.19736
300 310 370 380 -0.0326339 17.2629
300 320 360 380 -0.222961 0.666103
300 320 390 410 -0.0539939 0.875832
300 320 400 420 -0.0433936 0.998178
300 320 430 450 -0.0199418 1.02667
300 330 430 460 -0.0413302 1.75763
300 330 450 480 -0.0315101 1.73951
300 330 480 510 -0.025677 2.79298
300 330 470 500 -0.0275461 2.27674
300 330 490 520 -0.0259516 1.31592
300 340 490 530 -0.035455 0.670061
300 340 530 570 -0.0269143 1.8164
300 340 510 550 -0.0349129 4.49183
300 340 520 560 -0.0301348 3.11635
300 340 540 580 -0.0349874 2.73002
300 350 550 600 -0.0344863 2.4636
300 350 570 620 -0.039318 2.32089
300 350 580 630 -0.049248 2.00339
300 360 630 690 -0.0419717 2.27189
300 360 640 700 -0.040973 3.18724
300 360 650 710 -0.0226714 3.60048
310 320 330 340 -4.85182 0.0853949
310 320 340 350 -0.793692 1.04341
310 320 350 360 -0.181323 12.3741
310 320 360 370 -0.101782 10.3837
310 320 370 380 -0.0516017 1.31752
310 330 370 390 -0.235354 0.217549
310 330 390 410 -0.0565926 0.521481
310 330 400 420 -0.0547392 1.09278
310 330 420 440 -0.0262146 2.09295
310 330 410 430 -0.0440197 0.934807
310 330 430 450 -0.0183307 1.71227
310 330 440 460 -0.0199418 4.51821
310 340 440 470 -0.041999 0.475385
310 340 470 500 -0.0288163 0.650775
310 340 460 490 -0.0332343 2.21887
310 340 490 520 -0.0252557 1.38776
310 340 480 510 -0.0280354 1.76704
310 340 510 540 -0.023132 2.1783
310 340 500 530 -0.0259401 1.3102
310 350 500 540 -0.0353232 1.3319
310 350 540 580 -0.0268095 2.46501
310 350 520 560 -0.0346853 2.22043
310 350 560 600 -0.0206403 18.7715
310 350 530 570 -0.0302716 1.40939
310 350 570 610 -0.0246648 12.8601
310 350 550 590 -0.03591 3.14472
310 360 560 610 -0.0344863 2.33985
310 360 580 630 -0.039318 1.61173
310 360 630 680 -0.0316584 0.876396
310 360 590 640 -0.0495389 1.34103
310 370 640 700 -0.0419717 3.36366
310 370 650 710 -0.040973 3.66613
320 330 340 350 -4.18317 0
320 330 350 360 -0.793691 0.0435014
320 330 360 370 -0.257809 4.16915
320 330 370 380 -0.101782 8.97694
320 330 380 390 -0.0506584 0.17355
320 330 390 400 -0.0217216 0.0332712
320 340 380 400 -0.235354 0.0252531
320 340 400 420 -0.0576348 0.115159
320 340 410 430 -0.0554844 0.49752
320 340 430 450 -0.0234913 0.409001
320 340 420 440 -0.0474627 17.1904
320 340 440 460 -0.0163746 0.766545
320 340 450 470 -0.0191463 0.129662
320 350 450 480 -0.0416143 0.329539
320 350 480 510 -0.0283729 0.226604
320 350 470 500 -0.0349299 0.511369
320 350 500 530 -0.0244503 0.388893
320 350 490 520 -0.0282451 0.808141
320 350 520 550 -0.0220881 0.810579
320 350 510 540 -0.0269049 2.34774
320 360 530 570 -0.0342301 4.31922
320 380 650 710 -0.0419717 2.98785
330 340 350 360 -3.061 0.162676
330 340 360 370 -0.793691 1.23268
330 340 370 380 -0.272381 18.7292
330 340 390 400 -0.0501742 0.917631
330 340 400 410 -0.0231451 1.18702
330 350 390 410 -0.220091 0.109489
330 350 410 430 -0.0561724 0.532598
330 350 420 440 -0.0549204 1.02869
330 350 440 460 -0.0232744 6.33175
330 350 430 450 -0.0476998 0.664834
330 350 450 470 -0.0157198 3.7153
330 350 460 480 -0.0183507 1.38004
330 360 460 490 -0.0412297 0.98366
330 360 490 520 -0.0277816 2.8945
330 360 480 510 -0.0363651 1.16905
330 360 510 540 -0.0238289 13.0507
330 360 500 530 -0.0286279 0.446281
330 360 520 550 -0.0277226 4.39591
330 370 520 560 -0.037198 2.59334
330 380 650 700 -0.0316584 1.64134
340 350 360 370 -3.61205 0.150532
340 350 370 380 -0.775122 5.4271
340 350 380 390 -0.272381 1.49101
340 350 390 400 -0.0912578 9.61798
340 350 400 410 -0.0468746 0.791185
340 350 410 420 -0.023257 6.79043
340 360 400 420 -0.201144 0.194666
340 360 420 440 -0.0539227 2.50364
340 360 430 450 -0.0549204 1.32575
340 360 450 470 -0.022296 1.60589
340 360 440 460 -0.0476998 2.32018
340 360 470 490 -0.0175552 1.96019
340 370 470 500 -0.0406948 2.15498
340 370 490 520 -0.0375683 1.23521
340 370 510 540 -0.0290106 1.21407
340 370 530 560 -0.0281542 4.60109
340 390 590 640 -0.0348953 2.25282
340 390 610 660 -0.0430432 0.107103
340 390 620 670 -0.0498978 1.04617
350 360 370 380 -3.02998 0.09669
350 360 380 390 -0.720634 4.59629
350 360 390 400 -0.2217 3.78783
350 360 400 410 -0.094396 16.9073
350 360 410 420 -0.045417 0.962132
350 360 420 430 -0.0259921 0.482101
350 370 410 430 -0.179407 0.176522
350 370 430 450 -0.0475398 0.346819
350 370 440 460 -0.0549204 2.36459
350 370 460 480 -0.0215269 1.03925
350 370 450 470 -0.0469218 0.762652
350 370 470 490 -0.0135735 1.14548
350 370 480 500 -0.0167597 4.90597
350 380 480 510 -0.0398757 7.20709
350 380 510 540 -0.0270428 0.977038
350 380 500 530 -0.0376254 0
350 380 530 560 -0.0217953 7.14801
350 380 550 580 -0.0222895 2.60621
350 390 540 580 -0.0353043 3.31618
350 390 560 600 -0.0312908 4.48624
350 390 570 610 -0.0304083 7.53322
350 390 590 630 -0.0360679 1.8352
350 400 620 670 -0.0445386 0.241374
350 400 630 680 -0.050185 0.133811
360 370 380 390 -3.36719 0.0410155
360 370 400 410 -0.21502 9.31013
360 370 410 420 -0.0912578 0.241652
360 370 420 430 -0.0443753 0.507481
360 370 430 440 -0.0238507 1.77253
360 380 420 440 -0.170894 1.94786
360 380 440 460 -0.0426194 0.969665
360 380 450 470 -0.0549204 1.86419
360 380 470 490 -0.0213531 1.4457
360 380 460 480 -0.0453842 1.51245
360 380 480 500 -0.013277 1.49116
360 380 490 510 -0.0159642 17.5096
360 390 490 520 -0.0394097 0.564399
360 390 520 550 -0.0264005 0.455234
360 390 510 540 -0.0384785 0.345519
360 390 540 570 -0.0208343 0.0434218
360 390 530 560 -0.0297591 1.2699
360 390 560 590 -0.0226409 0.0425848
360 390 550 580 -0.0287763 2.27742
360 400 550 590 -0.0337508 2.18964
360 400 590 630 -0.0195856 2.80812
360 400 570 610 -0.0298198 3.62813
360 400 580 620 -0.0302716 4.84742
360 410 640 690 -0.0507968 9.05206
370 380 390 400 -3.71262 0.123376
370 380 420 430 -0.0881197 0.272301
370 380 440 450 -0.02278 0.618948
370 390 430 450 -0.157668 0.0522564
370 390 450 470 -0.0405706 1.80304
370 390 460 480 -0.0507087 1.21621
370 390 480 500 -0.0194304 0.866491
370 390 470 490 -0.0413911 0.477628
370 390 490 510 -0.0133371 1.52024
370 390 500 520 -0.0159095 2.59852
370 400 500 530 -0.0396124 1.06469
370 400 530 560 -0.0258084 0
370 400 520 550 -0.0397328 1.98431
370 400 550 580 -0.0207829 2.05703
370 400 540 570 -0.0298293 1.20647
370 400 570 600 -0.0233438 1.66069
370 400 560 590 -0.0291147 1.87247
370 410 560 600 -0.0303517 2.18566
370 410 580 620 -0.0283872 3.44572
370 410 590 630 -0.0301037 4.83902
370 410 610 650 -0.0359988 7.76174
380 390 400 410 -3.18713 0.0685148
380 390 420 430 -0.188802 8.3622
380 390 430 440 -0.080173 0.535393
380 390 440 450 -0.0265434 0.925556
380 400 440 460 -0.148383 0.250632
380 400 470 490 -0.0453179 0.480637
380 400 480 500 -0.0399124 0.903685
380 400 510 530 -0.0158548 2.9695
380 410 510 540 -0.0398151 0.625104
380 410 540 570 -0.0257525 11.085
380 410 530 560 -0.0399443 0.733125
380 410 560 590 -0.0208548 4.14355
380 410 550 580 -0.0296593 2.11053
380 410 580 610 -0.0235635 3.08744
380 410 570 600 -0.0291147 1.14427
380 420 570 610 -0.0297052 1.40703
380 420 610 650 -0.0232762 7.20431
380 420 590 630 -0.0279494 3.43143
380 420 600 640 -0.0301037 3.43119
380 420 620 660 -0.0326905 4.97342
390 400 410 420 -3.48557 0.118867
390 400 430 440 -0.204302 4.87665
390 400 440 450 -0.0747264 0.148618
390 400 450 460 -0.0262132 0.727677
390 400 460 470 -0.0213159 0.837805
390 410 450 470 -0.135329 0.19499
390 410 470 490 -0.0471197 0.561125
390 410 480 500 -0.0409376 0.707026
390 410 500 520 -0.0175054 0.804947
390 410 490 510 -0.0377694 1.10303
390 410 510 530 -0.0131577 1.5211
390 410 520 540 -0.0159477 0.900445
390 420 520 550 -0.0405776 2.31196
390 420 550 580 -0.0255202 0.912173
390 420 540 570 -0.0396737 0.9219
390 420 570 600 -0.0209428 0.324335
390 420 560 590 -0.0298225 2.34606
390 420 590 620 -0.0237343 3.50217
390 420 580 610 -0.0295658 4.07749
390 430 580 620 -0.0282356 2.19429
390 430 600 640 -0.0279494 3.03213
390 430 610 650 -0.0301037 3.73597
390 430 630 670 -0.0326905 4.83846
390 440 660 710 -0.0505731 6.24705
400 410 420 430 -3.45963 0.146674
400 410 440 450 -0.164924 6.47593
400 410 450 460 -0.0681818 0.657242
400 410 460 470 -0.0236651 1.30192
400 410 470 480 -0.0194851 1.09948
400 420 460 480 -0.128689 0.17796
400 420 480 500 -0.0468994 0.968866
400 420 490 510 -0.0396092 0.776769
400 420 510 530 -0.0172149 0.0304192
400 420 500 520 -0.0356265 1.33475
400 420 520 540 -0.0133974 0.687807
400 420 530 550 -0.0161334 3.55015
400 430 530 560 -0.0413401 0.639931
400 430 560 590 -0.0260518 2.7643
400 430 550 580 -0.0403202 1.70807
400 430 580 610 -0.021022 1.94643
400 430 570 600 -0.0300474 1.47237
400 430 600 630 -0.0241785 9.42521
400 430 590 620 -0.030447 2.31237
400 440 590 630 -0.0267435 3.55933
400 440 630 670 -0.0232762 3.43452
400 440 610 650 -0.0271822 8.08744
410 420 430 440 -3.20871 0.894077
410 420 450 460 -0.10625 7.29822
410 420 460 470 -0.0584918 0.147328
410 420 470 480 -0.0240968 0.0298574
410 420 480 490 -0.0218156 3.10657
410 430 470 490 -0.116755 0.0508342
410 430 490 510 -0.0466515 0.364009
410 430 500 520 -0.0393756 0.866082
410 430 520 540 -0.0170466 0.841651
410 430 510 530 -0.0347482 0.665661
410 430 530 550 -0.0134213 2.1143
410 430 540 560 -0.0163192 1.4438
410 440 540 570 -0.0415449 2.12601
410 440 570 600 -0.0258867 0.756214
410 440 590 620 -0.0210191 1.00389
410 440 610 640 -0.0243981 2.1698
410 450 600 640 -0.0253484 4.30583
410 450 620 660 -0.0264248 7.31924
410 450 630 670 -0.0306062 4.72687
420 430 440 450 -3.11404 0.548576
420 430 460 470 -0.0994286 11.3127
420 430 470 480 -0.052578 0.176228
420 430 480 490 -0.0233688 1.09454
420 430 490 500 -0.0170146 3.65963
420 440 480 500 -0.100281 1.8933
420 440 500 520 -0.0468442 1.30669
420 440 510 530 -0.0393756 2.80175
420 440 520 540 -0.0310097 1.51288
420 440 540 560 -0.0133255 1.16001
420 440 550 570 -0.0164764 1.45439
420 450 550 580 -0.0434582 1.29006
420 450 580 610 -0.0272274 1.32131
420 450 570 600 -0.0376528 3.68416
420 450 600 630 -0.0210601 2.42802
420 450 590 620 -0.0308153 3.39425
420 450 620 650 -0.024281 1.21008
420 450 610 640 -0.0295086 4.99119
420 460 610 650 -0.0240636 10.6922
420 460 650 690 -0.0265881 3.40862
420 460 630 670 -0.0253654 1.69674
430 440 470 480 -0.10625 0.875645
430 440 480 490 -0.0473004 4.43774
430 440 500 510 -0.0176101 0.514284
430 450 490 510 -0.085789 0.367033
430 450 510 530 -0.0475327 0.971325
430 450 520 540 -0.0392589 1.08102
430 450 540 560 -0.0172149 1.08806
430 450 550 570 -0.0134213 0.0575291
430 450 560 580 -0.0192456 3.49811
430 460 590 620 -0.0277098 0.215469
430 460 610 640 -0.0211258 0.741296
430 460 630 660 -0.0215706 0.454965
430 470 620 660 -0.0224124 2.44571
430 470 670 710 -0.0304522 4.31144
440 450 480 490 -0.119474 0.391163
440 450 490 500 -0.0446028 0.616179
440 450 500 510 -0.0224798 0.55664
440 460 500 520 -0.0765922 1.00008
440 460 520 540 -0.0550422 0.464546
440 460 550 570 -0.0188959 0.200583
440 460 540 560 -0.0317498 7.34994
440 460 560 580 -0.0133974 1.08493
440 470 570 600 -0.0467729 0.719674
440 470 590 620 -0.0316391 1.59979
440 470 610 640 -0.0300627 1.74008
440 470 630 660 -0.0305462 1.61438
440 480 630 670 -0.0203224 6.25885
450 460 500 510 -0.043023 0.639894
450 460 520 530 -0.0336273 0.636073
450 470 510 530 -0.0730554 1.29291
450 470 530 550 -0.0546568 0.09306
450 470 540 560 -0.0334465 0.48031
450 470 570 590 -0.0145916 4.72309
450 470 580 600 -0.0234761 1.53424
450 480 580 610 -0.0499177 1.15109
450 480 610 640 -0.0279408 9.32864
450 480 600 630 -0.0303366 1.12116
450 480 630 660 -0.0212242 2.27139
450 480 620 650 -0.0292331 1.223
450 490 640 680 -0.0181544 2.88551
450 490 670 710 -0.0311082 9.69157
460 470 500 510 -0.0880288 0.422178
460 470 520 530 -0.0192193 2.62242
460 470 530 540 -0.0336273 2.49722
460 480 520 540 -0.0694236 0.319131
460 480 540 560 -0.0558309 2.97119
460 480 570 590 -0.0232717 13.0906
460 480 560 580 -0.0315131 1.09096
460 480 590 610 -0.0267676 1.83922
460 490 590 620 -0.049569 2.76139
460 490 610 640 -0.0302456 2.20433
460 490 630 660 -0.0283075 2.36642
460 500 650 690 -0.0168758 4.86342
460 500 670 710 -0.0247505 4.96583
470 480 510 520 -0.0849699 1.7621
470 480 520 530 -0.0569877 0.118367
470 480 530 540 -0.0192193 0.215757
470 490 550 570 -0.0558309 1.09563
470 490 560 580 -0.0400375 3.71525
470 490 580 600 -0.0264703 0.58904
470 490 590 610 -0.0288248 0.0630933
470 500 600 630 -0.049265 9.28361
470 500 630 660 -0.028383 0.240619
470 500 650 680 -0.0211932 0.977622
470 500 640 670 -0.0282409 0.997382
470 500 670 700 -0.0169699 2.34787
470 510 660 700 -0.015117 2.51369
480 490 520 530 -0.0849699 0.291781
480 490 530 540 -0.0520752 0.308797
480 490 550 560 -0.0257781 1.23389
480 500 560 580 -0.0492128 0.943941
480 500 590 610 -0.0264703 0.664121
480 500 600 620 -0.0339273 0.171231
480 500 610 630 -0.0293917 13.835
480 510 610 640 -0.0477492 2.52875
480 510 640 670 -0.0267873 0.988645
480 510 630 660 -0.0283074 1.47507
480 510 660 690 -0.0211932 2.04516
480 510 650 680 -0.0278471 0.617905
480 510 680 710 -0.0129044 0
480 520 670 710 -0.013481 3.07264
490 500 530 540 -0.229034 0.300513
490 500 540 550 -0.0475871 4.21888
490 500 560 570 -0.0257781 0.386226
490 510 550 570 -0.067399 1.5138
490 510 570 590 -0.0477958 4.50027
490 510 580 600 -0.0358718 2.02004
490 510 600 620 -0.0274256 4.1354
490 510 590 610 -0.0319414 3.43671
490 510 610 630 -0.0339273 5.13284
490 510 620 640 -0.0293917 2.31062
490 520 620 650 -0.0458541 1.62042
490 520 640 670 -0.0291026 2.45893
490 520 670 700 -0.0211624 0.0260044
490 520 660 690 -0.0273818 6.62391
490 520 680 710 -0.0129507 2.01335
500 510 530 540 -0.353918 0.0349497
500 510 540 550 -0.238892 1.64944
500 510 560 570 -0.030972 0.782144
500 520 560 580 -0.0688741 0.547907
500 520 590 610 -0.0374223 1.84748
500 520 600 620 -0.0319414 1.75055
500 520 630 650 -0.0288521 1.38445
500 530 630 660 -0.042185 1.5566
500 530 670 700 -0.0267387 2.07599
510 520 530 540 -0.675588 12.1569
510 520 540 550 -0.304725 1.20663
510 520 570 580 -0.0290521 0
510 520 580 590 -0.0408667 11.5449
510 530 570 590 -0.0704072 0.552418
510 530 600 620 -0.0398346 1.13392
510 530 610 630 -0.0319414 1.83738
510 530 640 660 -0.0288374 1.95245
510 540 640 670 -0.04029 2.08952
510 540 670 700 -0.024942 4.71303
510 540 660 690 -0.0288129 2.08358
510 540 680 710 -0.026463 1.1088
520 530 540 550 -2.15022 2.93984
520 530 550 560 -0.304725 0.213857
520 530 560 570 -0.0550087 0.067059
520 530 580 590 -0.0213725 1.57481
520 540 580 600 -0.0704942 0.0808899
520 540 600 620 -0.0601583 3.3776
520 540 610 630 -0.0422176 2.71332
520 540 620 640 -0.0270036 2.4172
520 540 640 660 -0.0346326 3.51887
520 540 650 670 -0.0274301 1.97172
520 550 650 680 -0.0383196 0.607969
520 550 680 710 -0.0257606 0.0245216
530 540 550 560 -1.64538 14.2402
530 540 560 570 -0.304725 0.0459475
530 540 570 580 -0.0550087 3.08345
530 540 590 600 -0.0194526 5.20634
530 550 610 630 -0.0703508 1.31568
530 550 620 640 -0.0430648 4.61378
530 550 640 660 -0.0269446 0.958043
530 550 650 670 -0.0346326 0.175052
530 550 660 680 -0.0270621 1.31779
530 560 660 690 -0.0374657 1.25399
540 550 560 570 -2.44989 16.9705
540 550 570 580 -0.375719 4.56105
540 560 620 640 -0.0763357 0.958405
540 560 650 670 -0.0275883 0.716403
540 560 640 660 -0.0240992 4.99685
540 560 660 680 -0.034488 0.511216
540 570 670 700 -0.0371574 2.4955
550 560 580 590 -0.398109 0.977015
550 570 640 660 -0.0548054 1.2208
550 570 680 700 -0.0271357 1.32944
550 580 680 710 -0.0372758 1.15573
560 570 580 590 -4.53703 4.45412
560 570 590 600 -0.398109 0.0433634
560 570 600 610 -0.105455 1.31346
560 570 620 630 -0.0319342 1.97589
560 580 640 660 -0.086804 0.846622
560 580 650 670 -0.0490101 3.87107
560 580 670 690 -0.028393 0
560 580 660 680 -0.0197024 2.46198
560 580 680 700 -0.030435 5.2704
560 580 690 710 -0.0273565 3.68002
570 580 590 600 -1.97553 0.174772
570 580 600 610 -0.216676 0.0796735
570 580 620 630 -0.0509362 1.56588
570 590 650 670 -0.0681158 1.8424
570 590 660 680 -0.0432149 1.10582
570 590 680 700 -0.028232 0.84912
570 590 670 690 -0.0186744 7.32318
570 590 690 710 -0.034054 0.77285
580 590 600 610 -2.75495 0.0354476
580 590 610 620 -0.161203 7.88108
580 590 630 640 -0.0537018 0.0571533
580 590 650 660 -0.106766 1.39053
580 600 660 680 -0.0411382 1.08724
580 600 670 690 -0.0343763 8.8882
580 600 690 710 -0.028232 0.871507
580 600 680 700 -0.0186744 2.59045
590 600 610 620 -2.96723 0.0658231
590 600 620 630 -0.151754 1.58435
590 600 640 650 -0.059233 2.9749
590 610 670 690 -0.0299411 6.28281
590 610 680 700 -0.0303047 2.65424
590 610 690 710 -0.0178561 3.94739
600 610 620 630 -2.81547 0.0245264
600 610 630 640 -0.161203 3.2593
600 610 650 660 -0.059233 0.652357
600 610 660 670 -0.0260131 2.88318
600 610 670 680 -0.106766 2.03525
600 620 660 680 -0.0703632 3.79703
600 620 680 700 -0.0278431 1.05973
600 620 690 710 -0.0267473 4.85124
610 620 630 640 -3.58583 0.138866
610 620 640 650 -0.397544 0.764272
610 620 670 680 -0.0256163 11.4125
610 630 670 690 -0.0707994 0.102831
620 630 640 650 -3.69476 0.026431
620 630 650 660 -0.397544 0.279746
620 630 670 680 -0.034044 5.51544
620 630 680 690 -0.0240292 3.10953
620 640 680 700 -0.0725442 0.199677
630 640 650 660 -4.03386 0.1779
630 640 660 670 -0.294695 3.88369
630 640 670 680 -0.0623675 1.37061
630 640 680 690 -0.0301166 0.664684
630 640 690 700 -0.0236324 2.03522
630 650 690 710 -0.0729805 0.384263
640 650 660 670 -3.4864 0
640 650 670 680 -0.294695 0.207113
640 650 680 690 -0.0990699 0.238608
650 660 670 680 -4.03252 0
650 660 680 690 -0.294695 0.042885
650 660 690 700 -0.0990699 0
650 660 700 710 -0.0284436 4.35122
660 670 680 690 -3.11244 0
660 670 690 700 -0.223336 0.195167
660 670 700 710 -0.0895777 0.759214
670 680 690 700 -3.22069 0.0428811
670 680 700 710 -0.215176 0.0416958
680 690 700 710 -2.49925 0.0276297
