!C:\2020\Myanmar\Data\PARKDD\PARKDD724MCORRAUTOELECREMUBC.dat
0 4 8 12 -2.17777 0.0549204
0 4 12 16 -0.994452 0.0954607
0 4 16 20 -0.339478 0.117485
0 4 20 24 -0.114404 0.704571
0 4 24 28 -0.0484339 0.185623
0 8 24 32 -0.184519 0.517985
0 8 32 40 -0.0718398 0.931839
0 8 36 44 -0.0498518 0.0529905
0 8 44 52 -0.0220192 0.846502
0 8 40 48 -0.0375303 0.0657373
0 8 48 56 -0.0288333 0.25846
0 8 52 60 -0.0191803 4.80533
0 12 52 64 -0.036982 0.880343
0 12 64 76 -0.0282874 1.04572
0 12 60 72 -0.0265558 0.12427
0 12 72 84 -0.017517 0.979848
0 12 68 80 -0.0272154 1.25536
0 12 80 92 -0.0157994 0.877902
0 12 76 88 -0.0172873 0.68543
0 16 76 92 -0.0328461 0.0433943
0 16 92 108 -0.0202507 0.257455
0 16 84 100 -0.0259283 0.0491598
0 16 100 116 -0.0141029 1.01279
0 16 88 104 -0.0232754 0.0729782
0 16 104 120 -0.0125198 0.284536
0 16 96 112 -0.0173011 0.12311
0 20 100 120 -0.0256576 1.73315
0 20 120 140 -0.014209 0.416979
0 20 108 128 -0.0199176 3.07743
0 20 128 148 -0.0127851 3.46459
0 20 112 132 -0.0176368 0.360555
0 20 116 136 -0.0154084 2.62596
0 20 124 144 -0.0133619 0.493789
0 24 124 148 -0.0174971 2.45737
0 24 148 172 -0.0138604 3.17459
0 24 132 156 -0.0156022 0.0833858
0 24 136 160 -0.0147841 2.91636
0 24 140 164 -0.0137773 0.0931712
0 24 144 168 -0.0127443 1.54222
0 24 152 176 -0.0120872 0.276587
0 28 148 176 -0.01712 2.15774
0 28 176 204 -0.0138914 3.877
0 28 156 184 -0.0163513 0.379538
0 28 160 188 -0.0141534 1.41013
0 28 164 192 -0.0150407 0.074059
0 28 168 196 -0.0114312 1.77582
0 28 172 200 -0.0115971 0.106245
0 32 172 204 -0.0156471 2.20708
0 32 204 236 -0.0136895 3.40691
0 32 180 212 -0.0121376 0.0514434
0 32 184 216 -0.0126057 1.25041
0 32 188 220 -0.0150353 0.0734256
0 32 192 224 -0.0134175 1.96207
0 32 196 228 -0.0134966 0.239658
0 32 200 232 -0.0130454 2.70913
0 36 196 232 -0.0172181 0.140868
4 8 12 16 -3.57092 0.0473675
4 8 16 20 -0.822376 0.0694386
4 8 20 24 -0.170102 0.132535
4 8 24 28 -0.0857239 0.193136
4 8 28 32 -0.0394861 0.168879
4 8 32 36 -0.026588 9.02886
4 12 28 36 -0.178931 0.907224
4 12 36 44 -0.0651775 1.12612
4 12 40 48 -0.0494051 0.0754367
4 12 48 56 -0.0240073 0.123095
4 12 44 52 -0.036701 0.0659646
4 12 52 60 -0.0288828 0.558834
4 12 56 64 -0.0213351 0.201086
4 16 56 68 -0.0394503 0.149905
4 16 68 80 -0.0289934 0.23208
4 16 64 76 -0.0276435 0.27686
4 16 76 88 -0.0182087 3.71314
4 16 72 84 -0.0274862 0.276238
4 16 84 96 -0.0157994 1.54585
4 16 80 92 -0.01675 0.575165
4 20 80 96 -0.0328839 0.971508
4 20 96 112 -0.0201497 0.477388
4 20 88 104 -0.0248094 0.385491
4 20 104 120 -0.0140832 0.397869
4 20 92 108 -0.0227428 0.634708
4 20 108 124 -0.0126308 0.475275
4 20 100 116 -0.0172045 0.82948
4 24 104 124 -0.0256223 0.399609
4 24 124 144 -0.0141914 0.0933688
4 24 112 132 -0.0199232 2.31192
4 24 132 152 -0.0128057 2.58809
4 24 116 136 -0.0176682 0.332055
4 24 120 140 -0.0155841 1.57116
4 24 128 148 -0.0134022 0.395437
4 28 128 152 -0.0175887 0.85891
4 28 152 176 -0.0138206 0.736341
4 28 136 160 -0.0156022 0.0975322
4 28 140 164 -0.0149627 0.0858077
4 28 144 168 -0.0139055 0.101762
4 28 148 172 -0.012865 0.0906708
4 28 156 180 -0.0120872 0.13899
4 32 152 180 -0.0171583 0.072008
4 32 180 208 -0.0138914 0.141099
4 32 160 188 -0.0163513 0.931578
4 32 164 192 -0.0141534 0.132062
4 32 168 196 -0.0150407 1.87296
4 32 172 200 -0.0114312 0.134671
4 32 176 204 -0.0115902 1.41497
4 36 176 208 -0.0156282 0.22071
4 36 184 216 -0.0121376 0.42661
4 36 188 220 -0.0126057 0.131053
4 36 192 224 -0.0150353 2.43318
4 36 196 228 -0.0134175 0.196317
4 36 200 232 -0.0134966 1.64002
4 36 204 236 -0.0130454 0.192672
4 40 200 236 -0.0172181 4.48685
8 12 16 20 -2.58757 0.0462224
8 12 20 24 -0.822376 0.0663826
8 12 24 28 -0.170102 0
8 12 28 32 -0.0602596 0.119062
8 12 32 36 -0.033116 0.046947
8 12 36 40 -0.0258893 11.3873
8 16 32 40 -0.182103 0.489357
8 16 40 48 -0.0666813 0.862724
8 16 44 52 -0.0494051 0.612059
8 16 52 60 -0.0261227 0.344343
8 16 48 56 -0.0366852 0.0324902
8 16 56 64 -0.0296508 0.207567
8 16 60 68 -0.0213351 0.591977
8 20 60 72 -0.041918 0.098731
8 20 72 84 -0.0289934 4.64651
8 20 80 92 -0.0189669 0.027689
8 20 76 88 -0.0276216 1.97115
8 20 88 100 -0.0159455 3.847
8 20 84 96 -0.0164364 1.65034
8 24 84 100 -0.0326472 3.5078
8 24 100 116 -0.0198046 0.969863
8 24 92 108 -0.024712 0.0416932
8 24 108 124 -0.0141173 0.319209
8 24 96 112 -0.0222111 1.62285
8 24 112 128 -0.0128388 2.3818
8 24 104 120 -0.0169966 0.160812
8 28 108 128 -0.02534 0.370699
8 28 128 148 -0.014204 0.897803
8 28 116 136 -0.0199167 0.0476208
8 28 136 156 -0.0128281 0.387182
8 28 120 140 -0.0176545 0.414552
8 28 124 144 -0.0157313 0.131388
8 28 132 152 -0.0134414 2.33925
8 32 132 156 -0.0177264 0.0985223
8 32 156 180 -0.0137603 0.0621947
8 32 140 164 -0.015738 1.87472
8 32 144 168 -0.0151177 0.115119
8 32 148 172 -0.0140064 1.11119
8 32 152 176 -0.0129415 0.0609927
8 32 160 184 -0.0120872 1.55233
8 36 156 184 -0.0171583 0.36738
8 36 184 212 -0.0138914 0.0878969
8 36 164 192 -0.0163831 1.21815
8 36 168 196 -0.014205 0.084606
8 36 172 200 -0.0150658 1.85578
8 36 176 204 -0.0114073 0.0544671
8 36 180 208 -0.0115843 3.08936
8 40 180 212 -0.0156125 0.147961
8 40 188 220 -0.0121376 2.92467
8 40 192 224 -0.0126057 0.177617
8 40 196 228 -0.0150353 0.766307
8 40 200 232 -0.0134175 0.517314
8 40 204 236 -0.0134966 0.215673
12 16 20 24 -7.6545 0.0441951
12 16 24 28 -0.768712 0.0317597
12 16 28 32 -0.170102 0.0810057
12 16 32 36 -0.0602596 0.160497
12 16 36 40 -0.0337298 0.464698
12 16 40 44 -0.0257915 3.90112
12 20 36 44 -0.185659 0.905187
12 20 44 52 -0.072468 2.7836
12 20 48 56 -0.0538514 0.333024
12 20 56 64 -0.0261545 5.72258
12 20 60 68 -0.0295619 0.477248
12 20 64 72 -0.023274 1.69151
12 24 64 76 -0.0442108 2.99347
12 24 76 88 -0.0309304 1.30569
12 24 72 84 -0.0310006 0.498084
12 24 84 96 -0.0197643 1.11449
12 24 80 92 -0.0276216 0.851609
12 24 92 104 -0.0160405 0.163562
12 24 88 100 -0.0163466 8.64723
12 28 88 104 -0.0321127 0.571864
12 28 104 120 -0.019818 0.696532
12 28 96 112 -0.0242747 0.134953
12 28 112 128 -0.0141173 0.131914
12 28 100 116 -0.021972 0.0890195
12 28 116 132 -0.0131432 0.108193
12 28 108 124 -0.0168399 0.057059
12 32 112 132 -0.0251918 0.0948938
12 32 132 152 -0.01424 0.291486
12 32 120 140 -0.0199296 0.0786524
12 32 140 160 -0.0128417 0.122099
12 32 124 144 -0.0176819 0.0577081
12 32 128 148 -0.01588 1.75335
12 32 136 156 -0.0134797 0.0617896
12 36 136 160 -0.0177191 0.341442
12 36 160 184 -0.0137081 0.183836
12 36 144 168 -0.0157322 0.0691014
12 36 148 172 -0.0152433 1.35276
12 36 152 176 -0.0140064 0.0890606
12 36 156 180 -0.0129415 1.87007
12 36 164 188 -0.0121186 0.154391
12 40 160 188 -0.0171912 0.206347
12 40 188 216 -0.0138914 0.731814
12 40 168 196 -0.0164103 0.15128
12 40 172 200 -0.0142492 4.2179
12 40 176 204 -0.015087 0.0480841
12 40 180 208 -0.0113871 4.64256
12 40 184 212 -0.0115843 0.438555
12 44 184 216 -0.0156125 0.842246
12 44 192 224 -0.0121376 0.331152
12 44 196 228 -0.0126057 3.04356
12 44 200 232 -0.0150353 0.415574
12 44 204 236 -0.0134175 2.2251
16 20 24 28 -7.63325 0
16 20 28 32 -0.729387 0
16 20 32 36 -0.175807 0.0425196
16 20 36 40 -0.0634758 0.296552
16 20 40 44 -0.0343436 0.546481
16 20 44 48 -0.0256938 13.9746
16 24 40 48 -0.186043 0.409783
16 24 48 56 -0.0782548 0.899618
16 24 52 60 -0.0538514 0.994511
16 24 60 68 -0.0323669 0.463614
16 24 56 64 -0.0414471 0.651523
16 24 64 72 -0.0303003 0.559765
16 28 68 80 -0.0463289 0.0252539
16 28 80 92 -0.0325566 0.48362
16 28 76 88 -0.0328015 0.032303
16 28 88 100 -0.0205074 0.581229
16 28 84 96 -0.0274027 0.217604
16 28 96 108 -0.0161853 0.196928
16 28 92 104 -0.0163466 0.191083
16 32 92 108 -0.0315656 0.0718345
16 32 108 124 -0.0199252 0.116501
16 32 100 116 -0.0241858 0.598038
16 32 116 132 -0.0142197 1.32767
16 32 104 120 -0.021741 0.0293236
16 32 120 136 -0.0133837 0.0698065
16 32 112 128 -0.0167343 1.09363
16 36 116 136 -0.0251777 0.13088
16 36 136 156 -0.0143053 0.256069
16 36 124 144 -0.0200376 0.410325
16 36 144 164 -0.0128967 0.366767
16 36 128 148 -0.0177481 0.0547686
16 36 132 152 -0.0159582 0.562526
16 36 140 160 -0.0135086 0.0611895
16 40 140 164 -0.0177105 1.89652
16 40 164 188 -0.0136837 2.11157
16 40 148 172 -0.015971 0.076559
16 40 152 176 -0.0153401 0.871902
16 40 156 180 -0.014147 0.217192
16 40 160 184 -0.0131179 4.08727
16 40 168 192 -0.0121186 0.0742776
16 44 164 192 -0.0172796 0.0792461
16 44 192 220 -0.0138914 0.081636
16 44 172 200 -0.0164103 0.0710582
16 44 176 204 -0.0142492 0.126914
16 44 180 208 -0.015087 0.1277
16 44 184 212 -0.0113871 0.355145
16 44 188 216 -0.0115793 1.06955
16 48 188 220 -0.0155992 0.107526
16 48 196 228 -0.0121376 2.57623
16 48 200 232 -0.0126057 0.153082
16 48 204 236 -0.0150353 1.87878
20 24 28 32 -5.01998 0
20 24 32 36 -0.729387 0.033472
20 24 36 40 -0.19532 0
20 24 40 44 -0.0634758 0.271472
20 24 44 48 -0.0389624 0
20 24 48 52 -0.0272352 5.72041
20 28 44 52 -0.186427 0.111602
20 28 52 60 -0.0837667 0.774746
20 28 56 64 -0.0580628 0.93176
20 28 60 68 -0.0447569 0.160605
20 28 68 76 -0.0318309 1.18149
20 28 72 80 -0.0247556 1.30224
20 32 72 84 -0.0484469 0.91179
20 32 80 92 -0.0330821 1.18052
20 32 92 104 -0.0211962 1.20385
20 32 88 100 -0.0271451 1.15666
20 32 96 108 -0.01618 1.18355
20 36 96 112 -0.0310311 0.482523
20 36 112 128 -0.0199887 2.16604
20 36 104 120 -0.0241337 0.823967
20 36 120 136 -0.0142039 4.81129
20 36 108 124 -0.021376 0.7659
20 36 124 140 -0.0137447 1.30799
20 36 116 132 -0.0167343 0.0509247
20 40 120 140 -0.0251685 3.40707
20 40 140 160 -0.0143687 4.91482
20 40 128 148 -0.0200436 0.320456
20 40 148 168 -0.0129087 0.823794
20 40 132 152 -0.0178531 4.08008
20 40 136 156 -0.0160506 0.0533427
20 40 144 164 -0.0135428 0.413025
20 44 144 168 -0.0179749 0.0303969
20 44 168 192 -0.0136594 0.73639
20 44 152 176 -0.0163126 4.02
20 44 156 180 -0.0154922 0.251027
20 44 160 184 -0.0142951 2.57837
20 44 164 188 -0.0133332 0.258863
20 44 172 196 -0.0121685 1.20806
20 48 168 196 -0.0173828 0.691584
20 48 196 224 -0.0138914 0.515942
20 48 176 204 -0.0165521 4.17041
20 48 180 208 -0.0144198 1.02129
20 48 184 212 -0.0150658 2.81363
20 48 188 216 -0.0112801 0.624401
20 48 192 220 -0.0115749 2.23566
20 52 192 224 -0.015482 0.0958165
20 52 200 232 -0.0121376 17.8914
24 28 32 36 -6.53024 0
24 28 36 40 -0.729387 0.0320768
24 28 40 44 -0.19532 0.0756029
24 28 44 48 -0.068671 0.0395361
24 28 48 52 -0.0389624 0.0340694
24 28 52 56 -0.029764 8.37547
24 32 48 56 -0.186427 0.439245
24 32 56 64 -0.0864871 0.849878
24 32 60 68 -0.0591047 0.114495
24 32 68 76 -0.0446997 0.388805
24 32 64 72 -0.0454945 0.296659
24 32 72 80 -0.0342699 0.0695302
24 32 76 84 -0.0248479 0.52705
24 36 76 88 -0.0484469 0.0633075
24 36 88 100 -0.0348484 1.604
24 36 84 96 -0.0323989 0.146528
24 36 96 108 -0.0216085 1.52619
24 36 92 104 -0.0270163 0.653024
24 36 104 116 -0.0165749 5.70067
24 36 100 112 -0.0158606 4.00543
24 40 100 116 -0.0307377 2.85224
24 40 116 132 -0.0201009 4.14181
24 40 108 124 -0.0239833 0.291445
24 40 124 140 -0.0143471 0.485052
24 40 112 128 -0.0210348 0.0903023
24 40 128 144 -0.0140615 0.558186
24 40 120 136 -0.0167838 0.264806
24 44 124 144 -0.0251574 1.7367
24 44 144 164 -0.0144445 2.1391
24 44 132 152 -0.020223 0.0472407
24 44 152 172 -0.0129218 0.513689
24 44 136 156 -0.0179093 1.10161
24 44 140 160 -0.0164086 0.109086
24 44 148 168 -0.0137896 0.994322
24 48 148 172 -0.0184348 0.539812
24 48 172 196 -0.0136431 0.411543
24 48 156 180 -0.0166689 2.44483
24 48 160 184 -0.0155836 0.497736
24 48 164 188 -0.0144005 0.823664
24 48 168 192 -0.0134609 0.0936396
24 48 176 200 -0.0122267 0.0526371
24 52 172 200 -0.0175047 0.034198
24 52 200 228 -0.0138914 0.614176
24 52 180 208 -0.0165985 0.0821574
24 52 184 212 -0.0145521 18.9901
24 56 196 228 -0.0155185 0.513443
24 56 204 236 -0.0121376 0.150188
28 32 36 40 -3.82566 0.0255266
28 32 40 44 -0.666666 0.025895
28 32 44 48 -0.161503 0.0386272
28 32 48 52 -0.07065 0.0514618
28 32 52 56 -0.0435812 0.862921
28 32 56 60 -0.0322928 7.70137
28 36 52 60 -0.186427 0.401018
28 36 60 68 -0.0948972 1.12007
28 36 64 72 -0.064593 0.0805333
28 36 72 80 -0.0487188 0.200881
28 36 68 76 -0.0481549 0.834011
28 36 76 84 -0.0359706 1.01656
28 36 80 88 -0.0252114 0.172345
28 40 80 92 -0.0484469 0.846882
28 40 92 104 -0.0349266 1.62116
28 40 88 100 -0.0324556 0.493381
28 40 100 112 -0.0216355 0.0554401
28 40 96 108 -0.026904 0.0886559
28 40 108 120 -0.0167285 0.554648
28 40 104 116 -0.0154963 0.196209
28 44 104 120 -0.0304349 1.40813
28 44 120 136 -0.0201594 2.15231
28 44 112 128 -0.0239352 0.0552941
28 44 128 144 -0.0144634 0.103053
28 44 116 132 -0.0207349 0.227527
28 44 132 148 -0.0143291 1.02604
28 44 124 140 -0.0168443 0.093963
28 48 128 148 -0.0251574 1.03452
28 48 148 168 -0.0145267 1.38469
28 48 136 156 -0.0204082 0.0338889
28 48 156 176 -0.0129586 0.0331875
28 48 140 160 -0.0183141 2.03668
28 48 144 164 -0.0168263 0
28 48 152 172 -0.0140471 0
28 52 152 176 -0.019061 0.0308927
28 52 176 200 -0.0136268 0.491139
28 52 168 192 -0.0145235 3.34597
28 52 172 196 -0.0136098 0.0404119
28 52 180 204 -0.0122955 16.3925
28 56 176 204 -0.0176511 0.0433039
28 56 204 232 -0.0138914 0.11376
28 56 184 212 -0.0167205 0.213113
28 56 188 216 -0.0147359 0.604425
28 56 192 220 -0.0152199 5.3641
28 56 196 224 -0.0112124 11.196
28 56 200 228 -0.0116305 0.412559
32 36 40 44 -4.57007 0.0523423
32 36 44 48 -0.371141 0
32 36 48 52 -0.101801 0.0707025
32 36 52 56 -0.0726291 0.324192
32 36 56 60 -0.0422317 0.0837572
32 36 60 64 -0.0338811 6.54795
32 40 56 64 -0.186567 1.01827
32 40 64 72 -0.104696 1.91162
32 40 68 76 -0.065635 1.77914
32 40 76 84 -0.0491266 1.57532
32 40 72 80 -0.0485552 0.361939
32 40 80 88 -0.0374473 1.9634
32 40 84 92 -0.0255764 0.218697
32 44 84 96 -0.0483299 0.110944
32 44 96 108 -0.0345813 0.441436
32 44 92 104 -0.0313761 0.0656327
32 44 104 116 -0.0216355 0.219477
32 44 100 112 -0.0264846 0.56711
32 44 112 124 -0.0169286 1.48781
32 44 108 120 -0.0153746 0
32 48 108 124 -0.0301322 0.932064
32 48 124 140 -0.0201643 1.29217
32 48 116 132 -0.0238161 0.0838666
32 48 132 148 -0.0145136 0.298246
32 48 120 136 -0.0205639 0.432591
32 48 136 152 -0.0146593 0.0464599
32 48 128 144 -0.0169734 0.0584765
32 52 132 152 -0.0251747 5.9738
32 52 152 172 -0.0146036 2.32838
32 52 140 160 -0.0205993 18.4128
32 52 160 180 -0.012967 5.10497
32 52 144 164 -0.0187074 13.7031
32 52 148 168 -0.0170148 0.0322778
32 52 156 176 -0.0141385 3.5408
32 56 156 180 -0.0197139 0.127969
32 56 180 204 -0.0136431 0.396669
32 56 164 188 -0.0172155 2.35915
32 56 168 192 -0.0160022 0.0639206
32 56 172 196 -0.0148159 2.09836
32 56 176 200 -0.0137858 0.255369
32 56 184 208 -0.0124467 1.12392
32 60 180 208 -0.017931 0.0627274
32 60 208 236 -0.0138914 1.8878
36 40 44 48 -0.726148 0.0889537
36 40 48 52 -0.371141 0.0986715
36 40 52 56 -0.161503 0.335161
36 40 56 60 -0.0727546 0.283512
36 40 60 64 -0.0461758 0.0653401
36 40 64 68 -0.0357196 3.61617
36 44 60 68 -0.190163 0.364281
36 44 68 76 -0.113005 0.473935
36 44 72 80 -0.065635 0.0338183
36 44 80 88 -0.0520449 0.384572
36 44 76 84 -0.0460845 0.182666
36 44 84 92 -0.0386284 0.821939
36 44 88 96 -0.0253832 0.382794
36 48 88 100 -0.0473537 0.0553791
36 48 100 112 -0.0336954 0.426911
36 48 96 108 -0.0310918 0.409027
36 48 108 120 -0.0211784 0.516822
36 48 104 116 -0.0260652 0.183284
36 48 116 128 -0.0170457 0.108131
36 48 112 124 -0.0152979 1.5531
36 52 112 128 -0.0298295 0.647463
36 52 128 144 -0.0202229 0.0457871
36 52 120 136 -0.0237469 0.661997
36 52 136 152 -0.0146299 0.0462258
36 52 124 140 -0.0202729 1.12159
36 52 140 156 -0.0149269 0.0428169
36 52 132 148 -0.0169734 12.1282
36 56 136 156 -0.0252062 1.14308
36 56 156 176 -0.0146553 1.20975
36 56 144 164 -0.0206903 0.146262
36 56 164 184 -0.0129741 0.439654
36 56 148 168 -0.0188648 0.491815
36 56 152 172 -0.017488 0.0718366
36 56 160 180 -0.0143882 2.22543
36 60 184 208 -0.013621 1.03118
36 60 172 196 -0.0161903 0.0607329
36 60 176 200 -0.0150497 0.0380206
36 60 180 204 -0.0141019 0.031686
40 44 48 52 -13.5823 0.0287599
40 44 52 56 -0.371141 0.109376
40 44 56 60 -0.129095 0.0448068
40 44 60 64 -0.0812013 0.530826
40 44 64 68 -0.0540464 0.504114
40 44 68 72 -0.042612 1.68556
40 48 64 72 -0.202803 0.227265
40 48 72 80 -0.117816 0.570998
40 48 76 84 -0.0634447 0.187445
40 48 84 92 -0.0534094 1.77911
40 48 80 88 -0.0436139 0.696676
40 48 88 96 -0.0388206 1.13644
40 48 92 100 -0.0253832 1.30596
40 52 92 104 -0.0462009 0.807749
40 52 104 116 -0.0325263 0.656757
40 52 100 112 -0.0286331 0.920717
40 52 112 124 -0.0206275 0.0508796
40 52 108 120 -0.0256458 0.0301536
40 52 120 132 -0.0170636 0.685089
40 52 116 128 -0.0152211 1.3492
40 56 116 132 -0.02955 0.364882
40 56 132 148 -0.020335 0.885056
40 56 124 140 -0.0236778 2.78391
40 56 140 156 -0.0146959 3.34211
40 56 128 144 -0.0200955 0.0626189
40 56 144 160 -0.0151901 0.0655336
40 56 136 152 -0.0171714 0.426989
40 60 160 180 -0.0147323 0.60214
40 60 168 188 -0.0129944 9.9241
40 60 152 172 -0.0194246 0.0535839
40 64 188 212 -0.0135861 0.0315134
40 64 172 196 -0.0179739 0
40 64 176 200 -0.0163291 2.57843
40 68 188 216 -0.0183326 2.43658
40 68 196 224 -0.0169467 0.21958
40 68 200 228 -0.0151 0.60698
40 68 204 232 -0.0154026 1.01581
40 68 208 236 -0.0116075 7.61096
44 48 52 56 -2.22892 0.0692749
44 48 56 60 -0.517249 0.0904993
44 48 60 64 -0.173965 0.129479
44 48 64 68 -0.104885 1.02542
44 48 68 72 -0.0589939 2.22571
44 48 72 76 -0.0527195 3.82054
44 52 68 76 -0.206259 1.66147
44 52 76 84 -0.126359 1.58294
44 52 80 88 -0.06824 3.112
44 52 88 96 -0.0536173 1.12823
44 52 84 92 -0.0424062 5.38466
44 52 96 104 -0.0248387 11.5292
44 56 96 108 -0.0445527 1.07264
44 56 108 120 -0.0306922 1.63238
44 56 104 116 -0.0266367 0.11417
44 56 116 128 -0.0200766 0.443329
44 56 112 124 -0.0252264 0.196469
44 56 124 136 -0.0171084 0.0993197
44 56 120 132 -0.0152705 0.103158
44 60 120 136 -0.0292706 1.57987
44 60 136 152 -0.0204241 0.882815
44 60 144 160 -0.0148048 16.3698
44 60 132 148 -0.019918 0
44 60 148 164 -0.0155946 0.895644
44 64 164 184 -0.0148117 3.12708
44 64 152 172 -0.0217938 0.0273195
44 64 172 192 -0.0129537 0.028078
44 68 168 192 -0.0215542 3.90098
44 68 192 216 -0.0135861 5.35749
44 68 176 200 -0.0183301 0.148191
44 68 180 204 -0.0164188 0.147464
44 68 184 208 -0.0154608 1.03338
44 68 188 212 -0.0144409 3.05815
44 68 196 220 -0.0127892 0.426026
44 72 200 228 -0.0170204 2.04577
44 72 204 232 -0.0152706 11.0312
44 72 208 236 -0.0154129 0.0892652
48 52 56 60 -3.6808 0.0375208
48 52 60 64 -0.3304 0.238348
48 52 64 68 -0.142988 0.393825
48 52 68 72 -0.120825 0.0895065
48 52 76 80 -0.0593809 1.39783
48 56 72 80 -0.206259 0.160814
48 56 80 88 -0.128551 0.166927
48 56 84 92 -0.06212 0.193063
48 56 92 100 -0.0510876 0.34824
48 56 88 96 -0.0374729 0.740254
48 56 96 104 -0.0374255 0.223083
48 56 100 108 -0.0243819 0.381926
48 60 100 112 -0.0429046 1.16609
48 60 112 124 -0.0288581 0
48 60 120 132 -0.0195256 0.847155
48 60 116 128 -0.0245975 1.52681
48 60 128 140 -0.0172242 0.0431042
48 60 124 136 -0.0151753 16.3024
48 64 124 140 -0.0289911 3.72955
48 64 140 156 -0.0205503 1.66543
48 64 132 148 -0.0240996 0.0267758
48 64 148 164 -0.0151018 0.0260957
48 64 152 168 -0.0159704 0.618421
48 68 148 168 -0.0278874 0.390237
48 68 168 188 -0.0148886 0.258689
48 68 156 176 -0.022523 2.28603
48 68 176 196 -0.0128861 2.56281
48 68 160 180 -0.0206644 0.339143
48 68 164 184 -0.0185943 1.2824
48 68 172 192 -0.0150702 0.0449447
48 72 172 196 -0.0219928 1.06779
48 72 196 220 -0.013558 0
48 72 180 204 -0.0186824 0.583191
48 72 184 208 -0.0164919 2.84232
48 72 188 212 -0.0155585 0.0423514
48 72 192 216 -0.0145996 11.6618
52 56 60 64 -2.07217 0.0816274
52 56 64 68 -0.445492 0.286075
52 56 68 72 -0.158476 0.104558
52 56 76 80 -0.0775158 0.0423652
52 60 76 84 -0.206259 1.09093
52 60 84 92 -0.1349 0.774996
52 60 88 96 -0.063648 1.00322
52 60 96 104 -0.05117 0.758441
52 60 100 108 -0.0377624 1.46902
52 60 104 112 -0.0231265 0
52 64 104 116 -0.0413735 15.893
52 64 116 128 -0.0270241 6.23135
52 64 112 124 -0.0260308 0.0295594
52 64 124 136 -0.0189747 1.30709
52 64 120 132 -0.0241343 3.82339
52 64 132 144 -0.0173399 1.34769
52 64 128 140 -0.0154657 0.0311492
52 68 128 144 -0.0287262 0.0547039
52 68 144 160 -0.0206625 0.857451
52 68 136 152 -0.0246334 0.440867
52 68 152 168 -0.0154866 0.0298735
52 68 140 156 -0.0200337 4.75981
52 68 156 172 -0.0163293 16.6075
52 68 148 164 -0.0185938 0.501313
52 72 152 172 -0.0291874 0.695175
52 72 172 192 -0.0148936 0.033751
52 72 160 180 -0.0232431 0.770401
52 72 180 200 -0.0128816 1.83625
52 72 164 184 -0.0212905 1.35523
52 72 168 188 -0.0188671 11.7564
52 72 176 196 -0.0152648 0.0482297
52 76 176 200 -0.022489 14.1885
52 76 200 224 -0.0136033 8.06035
52 80 208 236 -0.0171735 0.0557377
56 60 64 68 -9.1841 0.0672502
56 60 68 72 -0.387094 0.119439
56 60 76 80 -0.108137 0.853783
56 60 84 88 -0.0573773 5.22216
56 64 80 88 -0.215304 0.133985
56 64 88 96 -0.128551 1.56116
56 64 100 108 -0.0460075 0.500884
56 64 96 104 -0.0334544 1.33585
56 64 104 112 -0.0362456 0.29925
56 68 108 120 -0.041197 1.19156
56 68 120 132 -0.0256843 1.39827
56 68 116 128 -0.0256948 0.119251
56 68 128 140 -0.0185327 0.100929
56 68 124 136 -0.0237418 0.245562
56 68 136 148 -0.0174126 0.0802954
56 68 132 144 -0.0163148 0.367034
56 72 132 148 -0.0287262 0.525626
56 72 148 164 -0.0207957 0.0330161
56 72 140 156 -0.0253048 0.624051
56 72 156 172 -0.0155546 0.0373119
56 72 144 160 -0.0211028 0.818883
56 72 160 176 -0.0164662 1.3386
56 72 152 168 -0.0196321 0
56 76 176 196 -0.0148709 3.41939
56 76 184 204 -0.01286 1.94853
56 80 180 204 -0.0229872 0.704842
56 80 204 228 -0.0135946 0.785704
56 80 188 212 -0.0194909 1.50147
56 80 192 216 -0.0164551 17.5773
60 64 68 72 -10.1267 0.0272759
60 64 72 76 -0.445492 0.492593
60 64 76 80 -0.332315 0.736091
60 64 80 84 -0.105466 7.96935
60 64 84 88 -0.0781037 12.7223
60 68 84 92 -0.242729 0.576923
60 68 92 100 -0.128551 0.532742
60 68 96 104 -0.0386404 0.290511
60 68 112 120 -0.0221173 2.78615
60 72 112 124 -0.041197 0.556487
60 72 124 136 -0.0251782 0.0342718
60 72 120 132 -0.026844 0.026586
60 72 132 144 -0.0181176 14.3149
60 72 128 140 -0.0240831 0.844892
60 72 136 148 -0.0173995 1.13284
60 76 136 152 -0.0287852 3.41323
60 76 152 168 -0.0208387 1.85242
60 76 160 176 -0.0161244 6.12293
60 76 148 164 -0.0221719 4.29244
60 76 164 180 -0.0168114 5.31843
60 76 156 172 -0.0206703 4.8073
60 80 160 180 -0.032038 0.822908
60 80 180 200 -0.0148048 0.0435713
60 80 168 188 -0.0245446 0.863391
60 80 172 192 -0.0224758 12.3233
60 80 176 196 -0.0193004 0.0323625
60 80 184 204 -0.01548 1.34994
60 84 184 208 -0.0235298 0.13135
60 84 208 232 -0.0135843 0.136383
60 84 192 216 -0.0199705 3.20815
60 84 196 220 -0.0164007 0.864827
60 84 200 224 -0.016244 15.4248
60 88 208 236 -0.0187714 0.0739768
64 68 72 76 -4.09853 0.0476543
64 68 76 80 -0.666869 0.594842
64 68 80 84 -0.35997 0.420827
64 68 84 88 -0.0970394 11.1538
64 68 88 92 -0.0782997 0.404379
64 68 92 96 -0.0716048 19.1723
64 72 88 96 -0.261109 2.12762
64 72 96 104 -0.107406 1.21445
64 72 100 108 -0.0409888 2.66873
64 72 108 116 -0.0340569 1.0897
64 72 104 112 -0.0354206 0.0248119
64 72 112 120 -0.0322948 0.0253102
64 72 116 124 -0.0223465 0.0252808
64 76 116 128 -0.0416923 0.881124
64 76 128 140 -0.0246067 0.0791103
64 76 124 136 -0.0281727 1.89516
64 76 136 148 -0.0181176 2.21411
64 76 144 156 -0.0174325 18.7689
64 80 140 156 -0.0297034 0.843224
64 80 156 172 -0.0210977 2.75979
64 80 148 164 -0.0275525 0.954387
64 80 164 180 -0.0167515 4.78259
64 80 152 168 -0.023241 0.952012
64 80 168 184 -0.0170913 0
64 80 160 176 -0.0217624 13.2411
64 84 164 184 -0.0324701 0.841232
64 84 184 204 -0.0146957 4.82118
64 84 172 192 -0.0247443 0.0309536
64 84 192 212 -0.0128441 3.05059
64 84 176 196 -0.0230684 0.032457
64 84 180 200 -0.019549 2.60685
64 84 188 208 -0.0157013 4.72912
64 88 188 212 -0.0236813 11.9276
64 88 196 220 -0.0201952 13.4726
64 88 200 224 -0.0163275 11.8726
64 88 204 228 -0.0166094 0.235369
64 88 208 232 -0.0153452 2.16874
68 72 76 80 -9.48096 0
68 72 80 84 -0.986477 0.035
68 72 84 88 -0.35997 0.0473778
68 72 88 92 -0.0954979 3.15782
68 72 92 96 -0.0781037 4.77283
68 72 96 100 -0.0590642 6.72786
68 76 92 100 -0.279489 5.50338
68 76 100 108 -0.0921266 0.329487
68 76 104 112 -0.04448 3.76068
68 76 112 120 -0.0327384 3.18215
68 76 116 124 -0.0295739 0.386044
68 76 120 128 -0.0225338 2.08774
68 80 120 132 -0.0425187 0.63128
68 80 132 144 -0.0241181 0.0274435
68 80 128 140 -0.0304742 0.0393296
68 80 140 152 -0.0182115 0.600191
68 80 136 148 -0.0269584 0.0338529
68 80 148 160 -0.0175522 2.24104
68 80 144 156 -0.0197394 0.0547785
68 84 144 160 -0.0311105 0.0257434
68 84 160 176 -0.0214583 0.0255433
68 84 152 168 -0.0286004 5.49617
68 84 168 184 -0.0172764 1.02263
68 84 156 172 -0.0238656 12.3469
68 84 172 188 -0.0173509 9.82518
68 88 168 188 -0.032725 0.814881
68 88 188 208 -0.0145542 1.50463
68 88 176 196 -0.0251532 0.157871
68 88 196 216 -0.0128498 1.4914
68 88 180 200 -0.0231396 0.0957412
68 88 184 204 -0.0195915 0.061502
68 88 192 212 -0.0157727 1.92651
68 92 192 216 -0.0238094 4.67548
68 92 200 224 -0.0205522 0.742064
68 92 204 228 -0.0164075 0.835155
68 92 208 232 -0.017003 0.899406
68 92 212 236 -0.0158608 0.910792
72 76 80 84 -12.6459 0
72 76 84 88 -0.986477 0.336709
72 76 88 92 -0.364376 3.45279
72 76 100 104 -0.0456801 1.16714
72 80 96 104 -0.281821 1.11802
72 80 104 112 -0.0754951 0.661496
72 80 108 116 -0.0479712 0.424518
72 80 116 124 -0.0322265 0.545635
72 80 112 120 -0.0410997 0.722266
72 80 120 128 -0.0293087 0.591089
72 80 124 132 -0.0228373 0.0327027
72 84 124 136 -0.0439467 0.0299842
72 84 136 148 -0.0246351 0.866097
72 84 132 144 -0.0325007 0
72 84 144 156 -0.0186535 0
72 84 140 152 -0.0288423 2.03209
72 84 152 164 -0.0176973 0.942989
72 84 148 160 -0.0207981 10.1933
72 88 148 164 -0.0329171 2.24893
72 88 164 180 -0.0218209 1.36575
72 88 156 172 -0.0296483 0.0707005
72 88 172 188 -0.0178921 0.0730419
72 88 160 176 -0.0248157 0.978031
72 88 176 192 -0.0175071 0.746516
72 88 168 184 -0.0224317 2.66082
72 92 172 192 -0.0337 0.326629
72 92 192 212 -0.0143231 0.0251504
72 92 180 200 -0.0255622 0.0287451
72 92 200 220 -0.0126895 0.690526
72 92 184 204 -0.0233815 0.867781
72 92 188 208 -0.0196268 0.0317883
72 92 196 216 -0.0158322 0.796633
72 96 196 220 -0.024263 0.345486
72 96 204 228 -0.0208414 1.31061
72 96 208 232 -0.0166517 1.3526
72 96 212 236 -0.0172234 15.1203
76 80 84 88 -21.1054 0.0370166
76 80 88 92 -1.39472 0.523351
76 80 92 96 -0.470708 0.187008
76 80 100 104 -0.0696444 15.3831
76 84 100 108 -0.284153 1.30808
76 84 108 116 -0.0750131 0.569118
76 84 112 120 -0.0502599 0.477887
76 84 116 124 -0.044363 1.43085
76 84 128 136 -0.0231408 0.0258821
76 88 128 140 -0.0459655 1.76164
76 88 140 152 -0.0252794 4.33432
76 88 136 148 -0.0349452 0.0771742
76 88 148 160 -0.0192657 0.0692117
76 88 144 156 -0.0307604 0.028585
76 88 152 164 -0.0218568 0.901427
76 92 152 168 -0.0347238 5.44077
76 92 160 176 -0.0306963 2.74454
76 92 164 180 -0.0257657 0.511385
76 92 172 188 -0.023181 0.416625
76 96 176 196 -0.0346749 0.703851
76 96 196 216 -0.0142119 7.18486
76 96 184 204 -0.0259711 3.06018
76 96 188 208 -0.0236371 0.0439546
76 96 192 212 -0.0197952 1.70435
76 96 200 220 -0.0159243 0.308563
76 100 200 224 -0.0246928 0.643069
76 100 208 232 -0.0211322 2.02296
80 84 88 92 -13.3165 0.0586676
80 84 92 96 -1.85394 0.0790124
80 84 96 100 -0.510984 0.472984
80 84 100 104 -0.119869 11.5091
80 84 104 108 -0.0649933 9.87253
80 84 108 112 -0.0382533 0.602416
80 88 104 112 -0.286485 0.298268
80 88 112 120 -0.0750131 0.11766
80 88 116 124 -0.054732 0.347218
80 88 124 132 -0.0334876 0.629179
80 88 120 128 -0.0448061 0.024518
80 88 128 136 -0.0305252 0
80 88 132 140 -0.0240379 0.927748
80 92 132 144 -0.0494403 0.27746
80 92 144 156 -0.0264569 0.0353688
80 92 140 152 -0.0375063 0.337724
80 92 152 164 -0.0202187 0.0429601
80 92 148 160 -0.0313823 0.0292501
80 92 156 168 -0.0227737 2.96911
80 96 156 172 -0.0365304 0.361445
80 96 172 188 -0.0225115 0.704044
80 96 164 180 -0.0304736 0.840033
80 96 180 196 -0.0191237 0.0439126
80 96 168 184 -0.0267158 0.781296
80 96 184 200 -0.0176976 5.59895
80 96 176 192 -0.0239303 0.0368383
80 100 180 200 -0.0346236 9.52999
80 100 200 220 -0.0139497 13.754
80 100 188 208 -0.0260229 0.043129
80 100 208 228 -0.0126019 0.0496972
80 100 192 212 -0.0236944 3.17057
80 100 196 216 -0.0200372 1.4804
80 100 204 224 -0.0160344 2.46478
80 104 204 228 -0.0251235 0.032027
80 104 212 236 -0.0212668 4.18071
84 88 92 96 -13.9301 0.0280417
84 88 96 100 -1.85394 0.0278162
84 88 100 104 -0.510984 0.142885
84 88 104 108 -0.120185 15.4342
84 88 108 112 -0.0601737 6.37989
84 88 112 116 -0.0382533 0.0476415
84 92 108 116 -0.287667 0.689664
84 92 116 124 -0.0768476 1.15824
84 92 120 128 -0.0619192 0.0439369
84 92 128 136 -0.0375879 0.788899
84 92 124 132 -0.0458524 1.8057
84 92 132 140 -0.0311624 4.72274
84 92 136 144 -0.0243534 0.690426
84 96 136 148 -0.0529151 0.310043
84 96 148 160 -0.0280125 0.0400974
84 96 144 156 -0.0402747 0.406097
84 96 156 168 -0.0211717 0.0314201
84 96 152 164 -0.032773 0.0578591
84 96 164 176 -0.0179069 2.62577
84 96 160 172 -0.0228966 3.06824
84 100 160 176 -0.038337 0.0751826
84 100 176 192 -0.0227969 0.84726
84 100 168 184 -0.0306423 0.997475
84 100 184 200 -0.0196598 2.05429
84 100 172 188 -0.0275081 0.974822
84 100 188 204 -0.0177255 1.20213
84 100 180 196 -0.0246176 2.57561
84 104 184 204 -0.0349237 0.706463
84 104 204 224 -0.0136189 0.0453913
84 104 192 212 -0.0261951 1.90175
84 104 212 232 -0.0122102 3.6897
84 104 196 216 -0.0238316 0.310145
84 104 200 220 -0.0201716 0.857804
84 104 208 228 -0.0161923 1.174
84 108 208 232 -0.0255678 4.33968
88 92 96 100 -8.55703 0
88 92 100 104 -1.25271 0.192932
88 92 104 108 -0.348959 0.533421
88 92 108 112 -0.120185 9.35375
88 92 112 116 -0.064618 4.95505
88 92 116 120 -0.0396768 1.66405
88 96 112 120 -0.296694 0.959043
88 96 120 128 -0.0951928 0.462886
88 96 124 132 -0.0679605 0.0488044
88 96 132 140 -0.0394548 0.684628
88 96 128 136 -0.0509033 0.625008
88 96 136 144 -0.0311423 1.57488
88 96 140 148 -0.0245242 0.691096
88 100 140 152 -0.0560589 0.0720643
88 100 152 164 -0.0290511 0.0768553
88 100 148 160 -0.0421662 0.0272328
88 100 160 172 -0.0221247 0.0272744
88 100 156 168 -0.0338419 1.10849
88 100 168 180 -0.0179993 1.3481
88 100 164 176 -0.0234656 0
88 104 164 180 -0.0400846 0.757517
88 104 180 196 -0.0230376 0.194433
88 104 172 188 -0.0307522 0.687464
88 104 188 204 -0.0200935 1.82178
88 104 176 192 -0.0280554 2.38259
88 104 192 208 -0.0176903 7.76504
88 104 184 200 -0.025086 0.130144
88 108 188 208 -0.0351772 3.04495
88 108 208 228 -0.0133897 13.0583
88 108 196 216 -0.0262644 0.354349
88 108 216 236 -0.0118714 4.3504
88 108 200 220 -0.0238565 0.180175
88 108 204 224 -0.020266 0.122825
88 108 212 232 -0.0163555 1.5397
88 112 212 236 -0.0260259 0.194748
92 96 100 104 -12.4824 0
92 96 104 108 -1.25271 0.0279334
92 96 108 112 -0.321797 0.978224
92 96 112 116 -0.131913 4.91081
92 96 116 120 -0.0735449 5.65079
92 96 120 124 -0.0440575 0.212287
92 100 116 124 -0.35213 0.476791
92 100 124 132 -0.113538 0.0985341
92 100 128 136 -0.0785813 0
92 100 136 144 -0.0427011 0.0301377
92 100 132 140 -0.0558881 0.754313
92 100 140 148 -0.0315467 0.41018
92 100 144 152 -0.0246211 0
92 104 144 156 -0.0585926 0
92 104 156 168 -0.0304509 0.3532
92 104 152 164 -0.0435258 0.121624
92 104 164 176 -0.023002 0.283335
92 104 160 172 -0.0342882 0.735842
92 104 172 184 -0.0179511 0.277357
92 104 168 180 -0.0236596 0.278031
92 108 168 184 -0.040973 0.449372
92 108 184 200 -0.0231382 0.252695
92 108 176 192 -0.0307626 0.0448071
92 108 192 208 -0.0202454 0.0590123
92 108 180 196 -0.0280552 0.0451351
92 108 196 212 -0.0176552 0.276653
92 108 188 204 -0.0250294 1.40401
92 112 192 212 -0.0352131 0.0446494
92 112 212 232 -0.0132621 0.269269
92 112 200 220 -0.0262644 0.277607
92 112 204 224 -0.0239007 0.19069
92 112 208 228 -0.0202924 0.233393
92 112 216 236 -0.0164572 0.0330122
96 100 104 108 -6.56209 0.0595275
96 100 108 112 -1.35275 0.0675286
96 100 112 116 -0.348959 3.12109
96 100 116 120 -0.156521 11.7433
96 100 120 124 -0.0863629 10.2658
96 100 124 128 -0.0484382 0.400185
96 104 120 128 -0.406383 0.218854
96 104 128 136 -0.131401 0.06034
96 104 132 140 -0.086487 0.0950616
96 104 140 148 -0.0453197 0.440448
96 104 136 144 -0.0606157 0.0431487
96 104 144 152 -0.0316434 0
96 104 148 156 -0.0249263 0.79951
96 108 148 160 -0.0600486 0.0323799
96 108 160 172 -0.0318507 0.481491
96 108 156 168 -0.044389 0.244657
96 108 168 180 -0.0238792 0.264339
96 108 164 176 -0.0339694 0.194847
96 108 176 188 -0.0179355 0.269966
96 108 172 184 -0.0238266 1.57096
96 112 172 188 -0.040973 0.105099
96 112 188 204 -0.022947 0.245903
96 112 180 196 -0.0300641 0.0685474
96 112 196 212 -0.0201604 0.10376
96 112 184 200 -0.0280549 0.0790396
96 112 200 216 -0.0175257 0.197713
96 112 192 208 -0.0251155 1.16554
96 116 196 216 -0.0352365 0.466228
96 116 216 236 -0.0130329 0.551818
96 116 204 224 -0.0264714 0.652761
96 116 208 228 -0.023989 0
96 116 212 232 -0.020472 0.453237
100 104 108 112 -16.3707 0.205262
100 104 112 116 -1.35275 0.117799
100 104 116 120 -0.495197 4.57297
100 104 120 124 -0.181128 11.3995
100 104 124 128 -0.0902541 0.0278647
100 104 128 132 -0.0513954 0.387526
100 108 124 132 -0.452792 0
100 108 132 140 -0.131401 0.236098
100 108 136 144 -0.0946988 0.0308184
100 108 144 152 -0.0469294 0
100 108 140 148 -0.0651522 0
100 108 148 156 -0.0309566 0.0341563
100 108 152 160 -0.024643 0.539264
100 112 152 164 -0.061264 0
100 112 164 176 -0.0328893 1.39811
100 112 160 172 -0.0451309 1.48131
100 112 172 184 -0.0244083 2.3961
100 112 168 180 -0.0334707 0.287064
100 112 180 192 -0.017899 8.32288
100 112 176 188 -0.0237553 0.269113
100 116 176 192 -0.0405516 1.11267
100 116 192 208 -0.022796 5.34056
100 116 184 200 -0.0297086 0.405916
100 116 200 216 -0.0199496 0.0302368
100 116 188 204 -0.0278411 1.17212
100 116 204 220 -0.0174701 2.18735
100 116 196 212 -0.0249244 0.379137
100 120 200 220 -0.0350863 0.642657
100 120 208 228 -0.0268853 0.870932
100 120 212 232 -0.024331 0.0306159
100 120 216 236 -0.0204983 0.316293
104 108 112 116 -6.00678 0.0325153
104 108 116 120 -1.36899 0.169366
104 108 120 124 -0.570668 0.928589
104 108 124 128 -0.194637 2.11707
104 108 128 132 -0.0941452 0.0324154
104 108 132 136 -0.0513954 0.148445
104 112 128 136 -0.435293 0
104 112 136 144 -0.129449 0.0727393
104 112 140 148 -0.0950049 0
104 112 148 156 -0.0467899 0.328792
104 112 144 152 -0.069261 0.0627562
104 112 152 160 -0.0318022 0.25476
104 112 156 164 -0.0249414 0.117368
104 116 156 168 -0.0624795 0.122185
104 116 168 180 -0.0337292 0.0420128
104 116 164 176 -0.0454548 0.167946
104 116 176 188 -0.0248343 0.225309
104 116 172 184 -0.0327765 0.314208
104 116 184 196 -0.0178553 0.393786
104 116 180 192 -0.0235077 0.887638
104 120 180 196 -0.0405516 0.0725238
104 120 196 212 -0.0225547 0.260531
104 120 188 204 -0.0293129 0.0778565
104 120 204 220 -0.0197896 0.353996
104 120 192 208 -0.0274209 0.949298
104 120 208 224 -0.017334 1.59623
104 120 200 216 -0.0246551 0.311164
104 124 204 224 -0.0348535 0.423051
104 124 212 232 -0.0271374 0.368528
104 124 216 236 -0.0244193 0.189111
108 112 116 120 -4.78812 0
108 112 120 124 -1.27847 0.0617776
108 112 124 128 -0.495197 0.516045
108 112 128 132 -0.184407 1.21329
108 112 132 136 -0.0866462 0.0394575
108 112 136 140 -0.0479223 0.0478703
108 116 132 140 -0.372254 0.0304952
108 116 140 148 -0.127212 0.0486161
108 116 144 152 -0.0950049 0.0452816
108 116 152 160 -0.0466575 0
108 116 148 156 -0.0680284 0.041452
108 116 156 164 -0.0319076 0.0423677
108 116 160 168 -0.0252399 0.0266662
108 120 160 172 -0.0624795 0.143724
108 120 172 184 -0.0340284 0.422849
108 120 168 180 -0.0453381 0.0824639
108 120 180 192 -0.0249195 0.0249284
108 120 176 188 -0.0320824 0.0392445
108 120 188 200 -0.0177857 0.269633
108 120 184 196 -0.0232601 0.112694
108 124 184 200 -0.0401301 0.150229
108 124 200 216 -0.022268 0.158612
108 124 192 208 -0.0287992 0.0927405
108 124 208 224 -0.0195112 0.0869133
108 124 196 212 -0.0270701 0.253015
108 124 212 228 -0.0172162 0.328976
108 124 204 220 -0.0244248 0.0682289
108 128 208 228 -0.0346798 0.0911931
108 128 216 236 -0.0277803 1.03319
112 116 120 124 -4.58964 0.0521191
112 116 124 128 -1.27847 0.104595
112 116 128 132 -0.340065 1.50379
112 116 132 136 -0.153456 3.48653
112 116 136 140 -0.0772213 0.0425937
112 116 140 144 -0.0444493 0.097695
112 120 136 144 -0.309215 0.032736
112 120 144 152 -0.122984 0.130226
112 120 148 156 -0.0910335 0.141725
112 120 156 164 -0.0461266 0.0807955
112 120 152 160 -0.0667959 0.360661
112 120 160 168 -0.0319076 0.601218
112 120 164 172 -0.0254786 0.104837
112 124 164 176 -0.0624795 0.0535064
112 124 176 188 -0.0339571 0.188906
112 124 172 184 -0.0448586 0.120486
112 124 184 196 -0.0249375 0.266741
112 124 180 192 -0.0314698 0.0647246
112 124 192 204 -0.0176076 0.187523
112 124 188 200 -0.0229206 0.0787124
112 128 188 204 -0.0394882 0.359476
112 128 204 220 -0.0218911 1.10736
112 128 196 212 -0.0282521 0.13295
112 128 212 228 -0.0193511 0.221054
112 128 200 216 -0.0264112 0.206314
112 128 216 232 -0.0170801 0.0798556
112 128 208 224 -0.0241903 0.159023
112 132 212 232 -0.0345803 1.16644
116 120 124 128 -4.11747 0.08216
116 120 128 132 -0.86164 0.294911
116 120 132 136 -0.279803 1.42708
116 120 136 140 -0.122506 4.52908
116 120 140 144 -0.0677964 0.0790758
116 120 144 148 -0.0405837 0.280403
116 124 140 148 -0.263676 0.0338625
116 124 148 156 -0.120284 0.0257059
116 124 152 160 -0.0851941 0.0761167
116 124 160 168 -0.0450762 0.161792
116 124 156 164 -0.0641422 0.0967301
116 124 164 172 -0.0316211 0.158587
116 124 168 176 -0.0254786 0.0848298
116 128 168 180 -0.0618751 0.0909326
116 128 180 192 -0.0338858 0.254512
116 128 176 188 -0.0443229 0.402841
116 128 188 200 -0.0249375 1.37815
116 128 184 196 -0.030719 0.0835762
116 128 196 208 -0.0173407 0.143946
116 128 192 204 -0.0222727 0.539051
116 132 192 208 -0.0388104 0.0294571
116 132 208 224 -0.021424 0.0326618
116 132 200 216 -0.0278983 0.179556
116 132 216 232 -0.0190831 0.910956
116 132 204 220 -0.0257408 0.27425
116 132 220 236 -0.0170064 0.388479
116 132 212 228 -0.0237556 0.52045
116 136 216 236 -0.0341138 0.0900951
120 124 128 132 -3.19341 0.052967
120 124 132 136 -0.735804 1.40677
120 124 136 140 -0.231713 1.0283
120 124 140 144 -0.101786 2.30621
120 124 144 148 -0.0658706 0
120 124 148 152 -0.0401913 0.120666
120 128 144 152 -0.274733 0.0834661
120 128 152 160 -0.116184 0.142712
120 128 156 164 -0.0793046 0.107434
120 128 164 172 -0.043343 0.095977
120 128 160 168 -0.0611001 0.110758
120 128 168 176 -0.0311238 0.192444
120 128 172 180 -0.0251802 0.0857096
120 132 172 184 -0.0597791 0
120 132 184 196 -0.0338068 0.0831536
120 132 180 192 -0.0435174 0.217664
120 132 192 204 -0.0247491 0.650992
120 132 188 200 -0.0297985 0.0504345
120 132 200 212 -0.0170124 0.286351
120 132 196 208 -0.0215964 0.338625
120 136 196 212 -0.0379749 0.0607465
120 136 212 228 -0.0208324 0.17486
120 136 204 220 -0.0273288 0.496887
120 136 220 236 -0.0185595 0.34431
120 136 208 224 -0.0250589 0.125072
120 136 216 232 -0.0230815 1.29999
124 128 132 136 -3.89968 0.0708298
124 128 136 140 -0.680954 1.99492
124 128 140 144 -0.206861 0.931482
124 128 144 148 -0.108444 2.64585
124 128 148 152 -0.0658706 0.0416757
124 128 152 156 -0.0397989 0.104998
124 132 148 156 -0.285791 0.0290777
124 132 156 164 -0.110032 0.0450064
124 132 160 168 -0.0770805 0.0717751
124 132 168 176 -0.0417423 0.0523906
124 132 164 172 -0.058058 0.0744716
124 132 172 180 -0.0298863 0.0262156
124 132 176 184 -0.0248135 0.0515615
124 136 176 188 -0.0574939 0.103077
124 136 188 200 -0.0334421 0.163352
124 136 184 196 -0.0423649 0.282856
124 136 196 208 -0.024349 0.284174
124 136 192 204 -0.0288799 0.0665421
124 136 204 216 -0.0166113 0.569198
124 136 200 212 -0.0208902 0.0428779
124 140 200 216 -0.0371167 0.195479
124 140 216 232 -0.0201154 0.218937
124 140 208 224 -0.0266232 0.594246
124 140 212 228 -0.0242118 0.0414472
124 140 220 236 -0.0221948 1.07068
128 132 136 140 -3.55087 0.180343
128 132 144 148 -0.206861 1.55877
128 132 148 152 -0.115101 0.0831278
128 132 152 156 -0.0644412 0.0631899
128 132 156 160 -0.0397989 0.210444
128 136 152 160 -0.296849 0.034081
128 136 160 168 -0.104305 0.113886
128 136 164 172 -0.075312 0.0534756
128 136 172 180 -0.0405661 0.0366181
128 136 168 176 -0.0562485 0.0576125
128 136 176 184 -0.0292608 0.109083
128 136 180 188 -0.0243486 0.0261092
128 140 180 192 -0.0558979 0.0799253
128 140 192 204 -0.0328736 0.0717488
128 140 188 200 -0.0409336 0.0381247
128 140 200 212 -0.0238846 0.217827
128 140 196 208 -0.0279225 0.0684567
128 140 208 220 -0.0162401 0.461576
128 140 204 216 -0.0200854 0.826287
128 144 204 220 -0.0360303 0.0585126
128 144 220 236 -0.0194459 0.592324
128 144 212 228 -0.0257815 0.0705405
128 144 216 232 -0.0231995 0.0692836
132 136 140 144 -2.56039 0.296668
132 136 148 152 -0.233246 1.2003
132 136 152 156 -0.121759 0.0953584
132 136 156 160 -0.0630118 0.0663972
132 136 160 164 -0.0397989 0.277836
132 140 156 164 -0.277033 0.0453612
132 140 164 172 -0.100263 0.106252
132 140 168 176 -0.0738997 0.0426812
132 140 176 184 -0.0397884 0.0975255
132 140 172 180 -0.0544389 0.0609365
132 140 180 188 -0.028741 0.0864758
132 140 184 192 -0.0239434 0.521691
132 144 184 196 -0.0543104 0.0925044
132 144 196 208 -0.0321698 0.171347
132 144 192 204 -0.0390141 0.234918
132 144 204 216 -0.0233046 0
132 144 200 212 -0.0271207 0.106135
132 144 212 224 -0.0158099 0.433526
132 144 208 220 -0.0192653 0.85379
132 148 208 224 -0.0345101 0.128687
132 148 216 232 -0.0249268 1.65841
132 148 220 236 -0.0221433 0.623317
136 140 144 148 -1.86336 0.161535
136 140 152 156 -0.233246 1.06528
136 140 156 160 -0.110975 0.0947351
136 140 160 164 -0.0595242 0.0615793
136 140 164 168 -0.040108 0
136 144 160 168 -0.257217 0.0445307
136 144 168 176 -0.100263 0.10943
136 144 172 180 -0.0738997 0.048715
136 144 180 188 -0.0395303 0.0597023
136 144 176 184 -0.0540506 0.0458791
136 144 184 192 -0.0285077 0.274465
136 144 188 196 -0.0234623 0.103529
136 148 188 200 -0.0530717 0.0949064
136 148 200 212 -0.0313293 0.0292421
136 148 196 208 -0.0372081 0.375835
136 148 208 220 -0.022677 0.46054
136 148 204 216 -0.0262116 0.0758384
136 148 216 228 -0.0153891 0.31055
136 148 212 224 -0.0184651 0.646516
136 152 212 228 -0.0329062 0.151813
136 152 220 236 -0.0240526 0.6755
140 144 148 152 -1.75749 0.234103
140 144 156 160 -0.230698 1.23386
140 144 160 164 -0.100191 0.162485
140 144 164 168 -0.057466 0.0350411
140 144 168 172 -0.0404172 0.291473
140 148 164 172 -0.2374 0.0562827
140 148 172 180 -0.102304 0.104045
140 148 176 184 -0.075312 0.0717521
140 148 184 192 -0.0395303 0.329821
140 148 180 188 -0.0540506 0.0399241
140 148 188 196 -0.0280143 0.175936
140 148 192 200 -0.0229692 0.154762
140 152 192 204 -0.0518367 0.0442164
140 152 204 216 -0.0302452 0.0966643
140 152 200 212 -0.0352559 0.29801
140 152 212 224 -0.0219408 0.168556
140 152 208 220 -0.0254716 0.309848
140 152 220 232 -0.0149534 1.13961
140 152 216 228 -0.0177975 0.0300036
140 156 216 232 -0.0313789 0.595712
144 148 152 156 -3.18817 0.449137
144 148 160 164 -0.195679 1.15402
144 148 164 168 -0.0894065 0.113208
144 148 168 172 -0.057466 0.0806917
144 148 172 176 -0.0407263 0.1154
144 152 168 176 -0.256039 0.0992812
144 152 176 184 -0.104345 0.170965
144 152 180 188 -0.0767243 0.195212
144 152 188 196 -0.0383559 0.284839
144 152 184 192 -0.0531247 0.0617499
144 152 192 200 -0.027521 0.0405079
144 152 196 204 -0.0225281 0.369828
144 156 196 208 -0.0506558 0.191571
144 156 208 220 -0.0288164 0.19053
144 156 204 216 -0.0333574 0.199296
144 156 216 228 -0.0210314 0.0603323
144 156 212 224 -0.0244339 0.0451977
144 156 224 236 -0.0146507 0.114878
144 156 220 232 -0.0170133 0.545496
144 160 220 236 -0.0297437 0.136526
148 152 156 160 -4.92076 1.94124
148 152 164 168 -0.195679 1.80588
148 152 168 172 -0.098033 0.258238
148 152 172 176 -0.0612369 0.1241
148 152 176 180 -0.0399707 0.186749
148 156 172 180 -0.279877 0.0509704
148 156 180 188 -0.106386 0.0545571
148 156 184 192 -0.075312 0.115266
148 156 192 200 -0.036757 0.0654516
148 156 188 196 -0.0520946 0.0967278
148 156 196 204 -0.0271559 0.122851
148 156 200 208 -0.022165 0.106349
148 160 200 212 -0.0497984 0.115389
148 160 212 224 -0.0267783 0.111091
148 160 208 220 -0.0317043 0.140961
148 160 220 232 -0.0206196 0.25716
148 160 216 228 -0.023334 0.236351
148 160 224 236 -0.0162044 0.0972552
152 156 160 164 -4.29304 1.58679
152 156 168 172 -0.209583 1.70035
152 156 172 176 -0.113904 0.0954432
152 156 176 180 -0.0650078 0.057654
152 156 180 184 -0.0392151 0.0458087
152 160 176 184 -0.303714 0.0491862
152 160 184 192 -0.106386 0.138114
152 160 188 196 -0.0732957 0.0435823
152 160 196 204 -0.0360616 0.197726
152 160 192 200 -0.0503433 0.172441
152 160 200 208 -0.0268958 0.102111
152 160 204 212 -0.0215623 0
152 164 204 216 -0.0487212 0.0717711
152 164 216 228 -0.0249968 0.376184
152 164 212 224 -0.030315 0.312119
152 164 224 236 -0.0194652 0.459762
152 164 220 232 -0.0223363 1.54556
156 160 172 176 -0.250568 0.103345
156 160 176 180 -0.129775 0.0836854
156 160 180 184 -0.0667205 0.0600508
156 160 184 188 -0.0384596 0.181934
156 164 180 188 -0.308912 0.0336012
156 164 188 196 -0.103349 0.0860569
156 164 192 200 -0.0693958 0.0305327
156 164 200 208 -0.034436 0.371032
156 164 196 204 -0.0482171 0.0936126
156 164 204 212 -0.0266358 0.220433
156 164 208 216 -0.0210198 0.0995759
156 168 208 220 -0.047492 0.0980414
156 168 220 232 -0.023419 0.236369
156 168 216 228 -0.0289739 1.04993
156 168 224 236 -0.0214653 0.385862
160 164 176 180 -0.260603 0.104741
160 164 180 184 -0.137019 0
160 164 184 188 -0.0665673 0.0723204
160 164 188 192 -0.0365922 0.395692
160 168 184 192 -0.305995 0.0739281
160 168 192 200 -0.100312 0.200882
160 168 196 204 -0.06552 0.201864
160 168 204 212 -0.0332349 0.319009
160 168 200 208 -0.0460909 0.0870151
160 168 208 216 -0.0262307 0.601126
160 168 212 220 -0.0206973 0.38959
160 172 212 224 -0.0462242 0.0628885
160 172 224 236 -0.0219262 1.00193
160 172 220 232 -0.0281212 0.364609
164 168 180 184 -0.260603 0.0661308
164 168 184 188 -0.137019 0.146193
164 168 188 192 -0.066414 0.0977013
164 168 192 196 -0.0347248 0.0930459
164 172 188 196 -0.303078 0.0491021
164 172 196 204 -0.0972749 0.0609794
164 172 200 208 -0.0622482 0.0572019
164 172 208 216 -0.0329491 0.336129
164 172 204 212 -0.0448905 0.0400735
164 172 212 220 -0.0257661 0.485127
164 172 216 224 -0.0193751 0.274241
164 176 216 228 -0.0449315 0.0845229
164 176 224 236 -0.0274669 0.358138
168 172 184 188 -0.255213 0.0577185
168 172 188 192 -0.13891 0.0929241
168 172 192 196 -0.0636396 0
168 172 196 200 -0.0328574 0.0511583
168 176 192 200 -0.296942 0.061324
168 176 200 208 -0.0972749 0.232689
168 176 204 212 -0.06086 0.158487
168 176 212 220 -0.032192 0.813806
168 176 208 216 -0.0437944 0.103135
168 176 216 224 -0.0252347 0.371186
168 176 220 228 -0.0179803 0.836574
168 180 220 232 -0.0434469 0.302208
172 176 188 192 -0.255213 0.0828452
172 176 192 196 -0.131691 0.0902141
172 176 196 200 -0.0610185 0.113217
172 176 200 204 -0.0329932 0.294304
172 180 196 204 -0.296942 0.0704396
172 180 204 212 -0.0980324 0.255386
172 180 208 216 -0.06086 0.062941
172 180 216 224 -0.0304626 0.175427
172 180 212 220 -0.0434194 0.312111
172 180 220 228 -0.0239249 0.248153
172 180 224 232 -0.0168251 0.078845
172 184 224 236 -0.0421822 0.307248
176 180 184 188 -4.80479 16.9185
176 180 192 196 -0.309575 0.114962
176 180 196 200 -0.133582 0.175922
176 180 200 204 -0.0619132 0.0542117
176 180 204 208 -0.033129 0.098513
176 184 200 208 -0.297171 0.0286912
176 184 208 216 -0.0987899 0.0725991
176 184 212 220 -0.0616562 0.225648
176 184 220 228 -0.0295459 0.0578893
176 184 216 224 -0.0434194 0.717801
176 184 224 232 -0.022615 1.27328
176 184 228 236 -0.0157163 0.0658788
180 184 196 200 -0.344186 0.0354663
180 184 200 204 -0.134397 0.145055
180 184 204 208 -0.0662958 0.0783877
180 184 208 212 -0.0332648 0.0764555
180 188 204 212 -0.319445 0.0664399
180 188 212 220 -0.100826 0.108972
180 188 216 224 -0.0637354 0.459716
180 188 224 232 -0.0287468 1.0978
180 188 220 228 -0.0437944 0.0351428
180 188 228 236 -0.0217101 0.533057
184 188 192 196 -4.00995 3.96177
184 188 196 200 -1.09102 0.03296
184 188 200 204 -0.344186 0.0350529
184 188 204 208 -0.143946 0.224466
184 188 208 212 -0.0719369 0.169494
184 188 212 216 -0.035824 0.0483901
184 192 208 216 -0.3385 0.0341622
184 192 216 224 -0.104716 0.181365
184 192 220 228 -0.0658147 0.154238
184 192 228 236 -0.0282067 0.364291
184 192 224 232 -0.0442698 0.536798
188 192 196 200 -5.05105 1.43982
188 192 200 204 -1.04753 0
188 192 204 208 -0.348246 0.0432344
188 192 208 212 -0.14549 0.134248
188 192 212 216 -0.0740621 0.0511897
188 192 216 220 -0.038848 0.314474
188 196 212 220 -0.357326 0.0644892
188 196 220 228 -0.105995 0.255639
188 196 224 232 -0.0670977 0.0682361
188 196 228 236 -0.0448581 0.0679015
192 196 200 204 -6.54289 1.65452
192 196 204 208 -1.08209 0.0262817
192 196 208 212 -0.3891 0.0543387
192 196 212 216 -0.146218 0.0571567
192 196 216 220 -0.0740621 0.0953797
192 196 220 224 -0.0414073 0.151081
192 200 216 224 -0.357684 0.0340598
192 200 224 232 -0.105995 0.152152
192 200 228 236 -0.0670977 0.0246305
196 200 204 208 -3.80792 0.695274
196 200 208 212 -1.00615 0.0319075
196 200 212 216 -0.3891 0.064452
196 200 216 220 -0.151693 0.0519077
196 200 220 224 -0.0728036 0.12139
196 200 224 228 -0.0407012 0.0465772
196 204 220 228 -0.358042 0.0738737
196 204 228 236 -0.106301 0.102292
200 204 208 212 -4.12577 6.23321
200 204 212 216 -1.08209 0.0907909
200 204 216 220 -0.423505 0.0830018
200 204 220 224 -0.156064 0.123275
200 204 224 228 -0.0771844 0.0574701
200 204 228 232 -0.0402365 0.0372688
200 208 224 232 -0.379882 0.0831331
204 208 212 216 -10.0022 2.02685
204 208 216 220 -1.27328 0.19741
204 208 220 224 -0.455678 0.160732
204 208 224 228 -0.179673 0.154829
204 208 228 232 -0.0797818 0.219443
204 208 232 236 -0.0402365 0.0495658
204 212 228 236 -0.438134 0.068369
208 212 216 220 -19.2262 3.35512
208 212 220 224 -1.7203 0.172379
208 212 224 228 -0.457207 0.0266991
208 212 228 232 -0.198911 0.0799404
208 212 232 236 -0.0854212 0.0246496
212 216 220 224 -27.7887 0
212 216 224 228 -2.26737 0
212 216 228 232 -0.791354 0.0436299
212 216 232 236 -0.218149 0.0753556
216 220 224 228 -7.98307 0.0244658
216 220 228 232 -2.26737 0.0304553
216 220 232 236 -0.791354 0.0319172
220 224 228 232 -11.5744 0.0337492
220 224 232 236 -2.26737 0.0449302
224 228 232 236 -9.87216 0.027979
