!D:\Documents\Python\GWB_case_history_14_rerun\prosysII\Pha_Yar_Ngoteto_WS72_10m_value_autorem.dat
0 30 10 20 9.67262 0.106848
0 50 20 30 1.45984 1.41629
0 70 30 40 0.576763 1.03122
0 90 40 50 0.361661 0.896196
0 110 50 60 0.231093 0.330935
0 130 60 70 0.200999 0.849703
0 100 40 60 0.589254 0.0507438
0 160 70 90 0.28683 0.187933
0 200 90 110 0.184704 0.0330448
0 220 100 120 0.171911 0.115046
0 240 110 130 0.148053 0.0291506
0 210 90 120 0.267575 0.0322589
0 250 110 140 0.205692 0.029673
0 270 120 150 0.165796 0.0688716
0 290 130 160 0.149969 0.0643501
0 310 140 170 0.132178 0.0326517
0 330 150 180 0.125116 0.0344947
0 350 160 190 0.109295 0.0279222
0 320 140 180 0.169751 0.0254245
0 360 160 200 0.137096 0.0545256
0 380 170 210 0.118413 0.0631285
0 400 180 220 0.100109 0.0609686
0 420 190 230 0.0879377 0.0347036
0 440 200 240 0.0832368 0.0449035
0 460 210 250 0.0804501 0.0379336
0 430 190 240 0.110685 0.0477554
0 470 210 260 0.104592 0
0 490 220 270 0.107723 0.144453
0 510 230 280 0.0993632 0.0752315
0 530 240 290 0.0906404 0.0890794
0 570 260 310 0.0722524 0.17415
0 580 260 320 0.0827954 0.0939725
0 600 270 330 0.0703624 0.0306686
0 620 280 340 0.0651029 0.0331463
0 640 290 350 0.061748 0.0552563
0 660 300 360 0.0573224 0.0461059
0 680 310 370 0.0540577 0.0282268
0 650 290 360 0.0698182 0.04371
0 670 300 370 0.065161 0.0331167
0 690 310 380 0.0604976 0.0356695
10 40 20 30 7.75753 0.0251771
10 60 30 40 1.37218 1.78667
10 100 50 60 0.315433 0.0273645
10 120 60 70 0.260012 0.325265
10 110 50 70 0.57747 0.0298948
10 150 70 90 0.355742 0.386702
10 190 90 110 0.211227 0.0288955
10 210 100 120 0.192244 0.0549904
10 230 110 130 0.165464 0.0260833
10 250 120 140 0.137219 0.0544769
10 220 100 130 0.266122 0
10 260 120 150 0.185846 0.0328418
10 280 130 160 0.165135 0.0369607
10 300 140 170 0.143946 0
10 320 150 180 0.135517 0.0450387
10 340 160 190 0.118478 0
10 360 170 200 0.104005 0.0293424
10 330 150 190 0.171135 0
10 370 170 210 0.126178 0.0342044
10 390 180 220 0.107275 0.0636114
10 410 190 230 0.0942481 0.0457923
10 430 200 240 0.0893335 0.0483115
10 450 210 250 0.0852002 0
10 470 220 260 0.0899996 0.0339086
10 440 200 250 0.108225 0.0281982
10 480 220 270 0.113207 0.0269573
10 500 230 280 0.105042 0.0290528
10 520 240 290 0.0955801 0.0319288
10 580 270 320 0.0639926 0.0476892
10 590 270 330 0.0738482 0
10 610 280 340 0.0683417 0
10 630 290 350 0.0645952 0
10 650 300 360 0.0592317 0.0631018
10 670 310 370 0.0562287 0.0814111
10 690 320 380 0.0518381 0.0416281
10 660 300 370 0.0673631 0.0453031
10 680 310 380 0.0627062 0.0344131
10 700 320 390 0.0582945 0.185088
20 50 30 40 6.54462 0.157915
20 70 40 50 1.35393 2.866
20 90 50 60 0.495803 0.336684
20 110 60 70 0.352887 0.37015
20 180 90 110 0.249401 0.0244727
20 200 100 120 0.219098 0.0278574
20 220 110 130 0.186653 0
20 240 120 140 0.153367 0.0397968
20 260 130 150 0.125907 0.0342781
20 230 110 140 0.258113 0.0334415
20 270 130 160 0.182084 0.0335204
20 290 140 170 0.158292 0.0272651
20 310 150 180 0.147318 0
20 330 160 190 0.127942 0.0337328
20 350 170 200 0.111713 0.0273178
20 370 180 210 0.0929411 0.0656708
20 340 160 200 0.158697 0.0384603
20 380 180 220 0.114678 0.0266115
20 400 190 230 0.100617 0
20 420 200 240 0.0951551 0.0320714
20 440 210 250 0.0903949 0.0337603
20 460 220 260 0.0949916 0.0321266
20 480 230 270 0.0959324 0.0318116
20 450 210 260 0.116973 0
20 490 230 280 0.11094 0.0615099
20 510 240 290 0.100742 0.0605856
20 530 250 300 0.0944784 0
20 550 260 310 0.0798289 0.0270318
20 570 270 320 0.0671014 0.0321591
20 590 280 330 0.0623755 0.0244628
20 600 280 340 0.0713653 0
20 620 290 350 0.0674223 0
20 640 300 360 0.0615493 0.0247912
20 660 310 370 0.0583336 0.0261578
20 680 320 380 0.0539846 0.0399729
20 700 330 390 0.0497997 0.0810666
20 670 310 380 0.0650878 0.0574244
20 690 320 390 0.0599232 0.0441048
20 710 330 400 0.0572615 0.046155
30 60 40 50 6.71868 0.0964146
30 100 60 70 0.549189 0.172172
30 160 90 100 0.16516 0.673863
30 130 70 90 0.584731 0.0295236
30 170 90 110 0.304108 0.0401405
30 190 100 120 0.258636 0.0333739
30 210 110 130 0.213412 0.215923
30 230 120 140 0.175302 0.0246194
30 250 130 150 0.143498 0.052093
30 270 140 160 0.123837 0.0348509
30 240 120 150 0.236785 0
30 280 140 170 0.174651 0.0741338
30 300 150 180 0.161507 0.0267223
30 320 160 190 0.139424 0.0309547
30 340 170 200 0.121984 0.0353805
30 360 180 210 0.100587 0.0303396
30 380 190 220 0.0827322 0.0368872
30 350 170 210 0.146936 0.0293723
30 390 190 230 0.108193 0.0282065
30 410 200 240 0.101332 0.0301164
30 430 210 250 0.0965982 0.10478
30 450 220 260 0.100542 0.0303532
30 470 230 270 0.101678 0.0995445
30 490 240 280 0.0913078 0.0668455
30 460 220 270 0.126969 0.0339914
30 500 240 290 0.10667 0.0495529
30 520 250 300 0.0998116 0
30 580 280 330 0.0654438 0.0466317
30 600 290 340 0.0594049 0.0513722
30 570 270 330 0.0811292 0.0265985
30 610 290 350 0.0705413 0.043262
30 630 300 360 0.0642238 0
30 650 310 370 0.0605278 0.0436642
30 670 320 380 0.0560775 0
30 690 330 390 0.0509046 0
30 710 340 400 0.0500143 0.043146
30 680 320 390 0.0617036 0.541789
30 700 330 400 0.0596227 0.0255922
40 70 50 60 5.04391 0.0387224
40 90 60 70 1.13693 1.82464
40 150 90 100 0.212629 0
40 170 100 110 0.170581 0.0438224
40 180 100 120 0.313419 0.0275403
40 200 110 130 0.248335 0
40 220 120 140 0.201534 0.0957703
40 240 130 150 0.161789 0.0462037
40 260 140 160 0.140912 0
40 280 150 170 0.127149 0
40 250 130 160 0.236767 0.0364564
40 290 150 180 0.178443 0
40 310 160 190 0.152383 0
40 330 170 200 0.132789 0.0459638
40 350 180 210 0.10881 0.0280467
40 370 190 220 0.0890761 0
40 390 200 230 0.0802001 0.0659077
40 360 180 220 0.133706 0.0322786
40 400 200 240 0.108165 0.0282139
40 420 210 250 0.10298 0
40 440 220 260 0.107056 0.0493741
40 460 230 270 0.10803 0.0282493
40 480 240 280 0.0965296 0
40 500 250 290 0.0897907 0.0480655
40 470 230 280 0.124642 0
40 510 250 300 0.105624 0.0408605
40 530 260 310 0.0892131 0.0342075
40 550 270 320 0.0742841 0.0290495
40 570 280 330 0.0688555 0.0443212
40 590 290 340 0.0624738 0.0690824
40 610 300 350 0.0582078 0.0454046
40 580 280 340 0.0787482 0.0387533
40 620 300 360 0.0670857 0.0557142
40 640 310 370 0.0630927 0.0342024
40 660 320 380 0.0582935 0.0523516
40 680 330 390 0.054231 0.0397912
40 700 340 400 0.0518454 0.0294313
40 690 330 400 0.0619328 0
40 710 340 410 0.0593632 0.0727022
50 140 90 100 0.284412 0.105133
50 160 100 110 0.217996 0.300249
50 180 110 120 0.176215 0.0346367
50 150 90 110 0.51027 0.0338318
50 190 110 130 0.300929 0.0286835
50 210 120 140 0.235951 0.0448043
50 230 130 150 0.186664 0.0653956
50 250 140 160 0.162109 0.0461124
50 270 150 170 0.142082 0.0911267
50 290 160 180 0.119445 0.0571305
50 260 140 170 0.223162 0
50 300 160 190 0.167884 0.0257072
50 320 170 200 0.145379 0.0296869
50 340 180 210 0.11936 0
50 360 190 220 0.0966583 0.0546854
50 380 200 230 0.0862081 0.0250315
50 400 210 240 0.0855344 0.0504573
50 370 190 230 0.125256 0
50 410 210 250 0.110109 0.0277158
50 430 220 260 0.114809 0.0703273
50 450 230 270 0.114871 0
50 470 240 280 0.102937 0
50 490 250 290 0.0954248 0.0319807
50 510 260 300 0.0811087 0
50 480 240 290 0.11996 0.0508797
50 520 260 310 0.0945211 0
50 580 290 340 0.0656028 0.0328937
50 600 300 350 0.0609202 0.0354221
50 620 310 360 0.056647 0.0269366
50 590 290 350 0.0776994 0.0555453
50 630 310 370 0.0661714 0
50 650 320 380 0.0608667 0.0354532
50 670 330 390 0.0559193 0.0545743
50 690 340 400 0.0541393 0
50 710 350 410 0.0497495 0
50 700 340 410 0.061864 0.0551527
60 130 90 100 0.445826 0.0670687
60 150 100 110 0.293009 0.083322
60 170 110 120 0.221804 0.0550353
60 190 120 130 0.154479 0.336418
60 160 100 120 0.512562 0.126021
60 200 120 140 0.278896 0.0309495
60 220 130 150 0.215268 0.0567063
60 240 140 160 0.183045 0.170024
60 260 150 170 0.163352 0.0264205
60 280 160 180 0.132956 0.0459062
60 300 170 190 0.116372 0
60 270 150 180 0.222445 0
60 310 170 200 0.159094 0.0469863
60 330 180 210 0.129824 0.0332436
60 350 190 220 0.104548 0.02919
60 370 200 230 0.0924986 0.0329925
60 390 210 240 0.0916313 0.0999143
60 410 220 250 0.0884137 0.0345168
60 380 200 240 0.124725 0.0244678
60 420 220 260 0.122572 0.0431241
60 440 230 270 0.12242 0
60 460 240 280 0.108959 0.0485117
60 480 250 290 0.100656 0
60 500 260 300 0.0856722 0.0666414
60 520 270 310 0.0694107 0.0310892
60 490 250 300 0.118816 0
60 530 270 320 0.0830148 0.0259944
60 550 280 330 0.0761236 0.0566951
60 570 290 340 0.0690924 0.0312324
60 590 300 350 0.0640003 0.0476835
60 610 310 360 0.0593821 0.0574579
60 630 320 370 0.055415 0.055071
60 600 300 360 0.0735421 0.0293426
60 640 320 380 0.0633582 0
60 660 330 390 0.0582238 0
60 680 340 400 0.0561708 0.0384171
60 700 350 410 0.0515863 0.0782591
60 710 350 420 0.0591031 0.0258172
70 120 90 100 1.06663 3.51239
70 140 100 110 0.4276 0.281163
70 160 110 120 0.30197 0.645531
70 180 120 130 0.200021 0.0682322
70 200 130 140 0.155147 0
70 170 110 130 0.497534 0.0245351
70 210 130 150 0.256517 0.0336495
70 230 140 160 0.213302 0.0572288
70 250 150 170 0.192701 0.0548602
70 270 160 180 0.151641 0.0636405
70 290 170 190 0.131909 0.0327182
70 310 180 200 0.107954 0.028269
70 280 160 190 0.211955 0.0287962
70 320 180 210 0.144191 0
70 340 190 220 0.116194 0
70 360 200 230 0.102027 0.0423008
70 380 210 240 0.0996896 0
70 400 220 250 0.0958266 0.0318466
70 420 230 260 0.0989483 0.0436171
70 390 210 250 0.128356 0.0823616
70 430 230 270 0.132606 0.0563718
70 450 240 280 0.117232 0
70 470 250 290 0.108681 0.0397111
70 490 260 300 0.0923637 0.0467265
70 510 270 310 0.0742613 0.0410949
70 530 280 320 0.0682967 0.0446838
70 500 260 310 0.107305 0.0284401
70 540 280 330 0.0795895 0.0469613
70 580 300 350 0.0674113 0.0320113
70 600 310 360 0.0624852 0
70 620 320 370 0.0583287 0.0369958
70 640 330 380 0.0536969 0.0284165
70 610 310 370 0.0727554 0.0513725
70 650 330 390 0.0612252 0.0352456
70 670 340 400 0.0590017 0.0258616
70 690 350 410 0.054293 0
70 710 360 420 0.0516164 0
90 120 100 110 6.12703 0.0712796
90 140 110 120 1.01144 1.46706
90 160 120 130 0.428633 0.402754
90 180 130 140 0.273476 0.223183
90 200 140 150 0.148854 0.0410035
90 220 150 160 0.155228 0.178027
90 190 130 150 0.415336 0
90 230 150 170 0.269556 0.0320218
90 250 160 180 0.214779 0.0696088
90 270 170 190 0.173031 0.0352742
90 290 180 200 0.137827 0.0700188
90 310 190 210 0.104269 0.0413912
90 330 200 220 0.0838204 0
90 300 180 210 0.180824 0.0337538
90 340 200 230 0.124553 0.0346506
90 360 210 240 0.119747 0.0254852
90 380 220 250 0.113475 0.0537871
90 400 230 260 0.115958 0.0372191
90 420 240 270 0.114788 0
90 440 250 280 0.103389 0.0417437
90 410 230 270 0.155629 0.0277317
90 450 250 290 0.125406 0.0344149
90 470 260 300 0.106511 0.0286519
90 490 270 310 0.0854154 0.0505277
90 510 280 320 0.0777064 0.0277702
90 530 290 330 0.0697769 0.0437359
90 550 300 340 0.0605783 0
90 520 280 330 0.092196 0.0331008
90 580 310 360 0.0697267 0.0437674
90 600 320 370 0.0649565 0
90 620 330 380 0.059628 0.0361897
90 640 340 390 0.0548458 0.0393452
90 660 350 400 0.0505114 0.0302086
90 630 330 390 0.0678313 0.031813
90 670 350 410 0.0595505 0.0256233
90 690 360 420 0.0564663 0.0270228
90 710 370 430 0.0537282 0.0401636
100 130 110 120 5.92635 0.0329566
100 150 120 130 0.960988 1.85405
100 170 130 140 0.411094 0.391691
100 190 140 150 0.19606 0.303426
100 210 150 160 0.188602 0.0560526
100 230 160 170 0.136063 0.173734
100 200 140 160 0.384042 0
100 240 160 180 0.251359 0.0485642
100 260 170 190 0.205587 0
100 280 180 200 0.156323 0.430373
100 300 190 210 0.115943 0.0263211
100 320 200 220 0.0920943 0.119478
100 340 210 230 0.086354 0.0432826
100 310 190 220 0.157879 0.0386595
100 350 210 240 0.130441 0
100 370 220 250 0.12289 0.0351195
100 390 230 260 0.125446 0.0910245
100 410 240 270 0.123192 0.0429071
100 430 250 280 0.111146 0.0388302
100 450 260 290 0.0895984 0.0481687
100 420 240 280 0.147738 0.0292128
100 460 260 300 0.112999 0.0381937
100 480 270 310 0.0903412 0.0337804
100 500 280 320 0.0825936 0.0261269
100 520 290 330 0.0738836 0
100 540 300 340 0.0628631 0.0343273
100 530 290 340 0.0871307 0
100 570 310 360 0.0732668 0.0416527
100 590 320 370 0.0681124 0.0316817
100 610 330 380 0.0624388 0
100 630 340 390 0.0574412 0.0375675
100 650 350 400 0.0528208 0.0288879
100 670 360 410 0.0498063 0.0433262
100 640 340 400 0.067969 0
100 680 360 420 0.0585611 0.0451306
100 700 370 430 0.0556256 0.0613381
110 140 120 130 4.11061 0.0475142
110 160 130 140 0.90514 1.4397
110 180 140 150 0.290514 0.314439
110 200 150 160 0.242846 0.860424
110 220 160 170 0.167097 0.323628
110 240 170 180 0.137499 0.0701862
110 210 150 170 0.407413 0.0423731
110 250 170 190 0.249609 0.0244523
110 270 180 200 0.18154 0.106318
110 290 190 210 0.132518 0.149245
110 310 200 220 0.102951 0.0296428
110 330 210 230 0.0955953 0.0902939
110 350 220 240 0.0963798 0.0447795
110 320 200 230 0.151875 0
110 360 220 250 0.135381 0.0552165
110 380 230 260 0.136547 0.044699
110 400 240 270 0.13382 0.0322511
110 420 250 280 0.120686 0.0565431
110 440 260 290 0.0971432 0
110 460 270 300 0.0776361 0.0277953
110 430 250 290 0.146083 0.041781
110 470 270 310 0.0973771 0.0542817
110 490 280 320 0.0884213 0.0488099
110 510 290 330 0.0786479 0.0475235
110 530 300 340 0.0681128 0.0316815
110 550 310 350 0.0647486 0.0333276
110 570 320 360 0.0593837 0.0363385
110 540 300 350 0.0826634 0.0369179
110 580 320 370 0.0717973 0
110 600 330 380 0.0656503 0
110 620 340 390 0.0602841 0.0253115
110 640 350 400 0.0552235 0.0552619
110 660 360 410 0.0522124 0.0413296
110 680 370 420 0.0488104 0.0312614
110 650 350 410 0.0652007 0.0468056
110 690 370 430 0.05822 0
110 710 380 440 0.0581467 0
120 150 130 140 5.54623 0.0352154
120 170 140 150 0.60962 1.14225
120 190 150 160 0.36493 0.0669006
120 210 160 170 0.214619 0.763624
120 230 170 180 0.169895 0.255297
120 250 180 190 0.133951 0.27903
120 220 160 180 0.388788 0
120 260 180 200 0.224458 0.0271922
120 280 190 210 0.15451 0.0883299
120 300 200 220 0.116676 0.458288
120 320 210 230 0.106671 0.028609
120 340 220 240 0.107591 0.0401135
120 360 230 250 0.0961671 0
120 330 210 240 0.161518 0
120 370 230 260 0.150224 0.0287294
120 390 240 270 0.14727 0.0717838
120 410 250 280 0.130826 0
120 430 260 290 0.105642 0.0288877
120 450 270 300 0.08309 0
120 470 280 310 0.0755688 0.0285557
120 440 260 300 0.131764 0.0327542
120 480 280 320 0.09487 0.0454921
120 500 290 330 0.0844738 0.0255454
120 520 300 340 0.0729698 0.0418222
120 540 310 350 0.0676203 0
120 580 330 370 0.0590059 0
120 550 310 360 0.0823429 0.0262065
120 590 330 380 0.0695523 0.0310259
120 610 340 390 0.0635817 0
120 630 350 400 0.0583029 0.0261716
120 650 360 410 0.0550204 0
120 670 370 420 0.0507477 0.0300679
120 690 380 430 0.0496297 0.0307453
120 660 360 420 0.0637472 0
120 700 380 440 0.0605952 0.0251815
130 160 140 150 3.08136 0.0316926
130 180 150 160 0.775186 2.2885
130 200 160 170 0.304818 0.37138
130 220 170 180 0.217523 0.33671
130 240 180 190 0.1629 0
130 260 190 200 0.1125 0.530187
130 230 170 190 0.381422 0.0452605
130 270 190 210 0.182405 0.0473216
130 290 200 220 0.135256 0.0638171
130 310 210 230 0.120533 0.154009
130 330 220 240 0.120164 0.0359161
130 350 230 250 0.106215 0.040633
130 370 240 260 0.105934 0.0498971
130 340 220 250 0.168212 0.0256571
130 380 240 270 0.160558 0.046558
130 400 250 280 0.142936 0.0301942
130 420 260 290 0.115198 0
130 440 270 300 0.0903807 0.0675312
130 460 280 310 0.0808653 0.0266853
130 480 290 320 0.0716758 0.0301066
130 450 270 310 0.112301 0.0271748
130 490 290 330 0.0903792 0
130 510 300 340 0.0772483 0.0395058
130 530 310 350 0.0733414 0
130 550 320 360 0.0663947 0
130 570 330 370 0.0619681 0.0246236
130 590 340 380 0.0571305 0.0377717
130 600 340 390 0.0669298 0.0455964
130 620 350 400 0.0607246 0.0251278
130 640 360 410 0.057323 0.0266189
130 660 370 420 0.0529697 0.0498946
130 680 380 430 0.0518887 0.0294068
130 700 390 440 0.0530557 0.0287599
130 670 370 430 0.0630494 0
130 710 390 450 0.0625489 0.0597553
140 170 150 160 4.67445 0
140 190 160 170 0.684105 0.8993
140 210 170 180 0.307501 0.198488
140 230 180 190 0.210111 0.486951
140 250 190 200 0.142617 0.310091
140 270 200 210 0.0899 0.286035
140 240 180 200 0.348983 0.0349789
140 280 200 220 0.160179 0.0269439
140 300 210 230 0.138833 0.0439629
140 320 220 240 0.135908 0
140 340 230 250 0.119605 0.0510307
140 360 240 260 0.117404 0.0450222
140 380 250 270 0.122753 0.0351587
140 350 230 260 0.184719 0.0330422
140 390 250 280 0.157383 0.0867174
140 410 260 290 0.125299 0
140 430 270 300 0.098884 0
140 450 280 310 0.0866775 0.0352082
140 470 290 320 0.0768612 0.0397048
140 490 300 330 0.065715 0.0328375
140 460 280 320 0.108738 0.0396901
140 500 300 340 0.0822946 0.0454176
140 520 310 350 0.0778659 0.0391925
140 540 320 360 0.0687188 0.0444094
140 580 340 380 0.0599178 0.0254662
140 600 350 390 0.0512298 0.05957
140 570 330 380 0.0766696 0.0281457
140 610 350 400 0.0635146 0.0588467
140 630 360 410 0.0598683 0.0254873
140 650 370 420 0.0560108 0.0385268
140 670 380 430 0.0539548 0.0489836
140 690 390 440 0.0548749 0.0481622
140 710 400 450 0.0526761 0.0289672
140 680 380 440 0.0652658 0.0572678
150 180 160 170 4.28978 0.0321944
150 200 170 180 0.673605 1.85394
150 220 180 190 0.294449 0.243506
150 240 190 200 0.178302 0.76237
150 260 200 210 0.11487 0.463211
150 280 210 220 0.0833502 0.508654
150 250 190 210 0.29732 0
150 290 210 230 0.163278 0.0373811
150 310 220 240 0.155 0.0556884
150 330 230 250 0.134823 0
150 350 240 260 0.131654 0.0463602
150 370 250 270 0.136804 0
150 390 260 280 0.103946 0.13454
150 360 240 270 0.198832 0.0306968
150 400 260 290 0.139086 0
150 420 270 300 0.109386 0.039455
150 440 280 310 0.0949076 0.032155
150 460 290 320 0.0828464 0.0520944
150 480 300 330 0.0703343 0.0531409
150 500 310 340 0.06268 0
150 470 290 330 0.103987 0.0293476
150 510 310 350 0.0833725 0
150 530 320 360 0.0752573 0.040551
150 550 330 370 0.0692015 0.0825028
150 570 340 380 0.063438 0.0481061
150 590 350 390 0.0541261 0
150 610 360 400 0.051528 0.0418786
150 580 340 390 0.0742713 0.0290545
150 620 360 410 0.0629199 0.0342963
150 640 370 420 0.0584506 0.0261055
150 660 380 430 0.0566607 0.0380849
150 680 390 440 0.0571354 0
150 700 400 450 0.0549718 0.100081
150 690 390 450 0.0674841 0.0319767
160 190 170 180 4.99115 0
160 210 180 190 0.644154 1.59274
160 230 190 200 0.261402 0.165104
160 250 200 210 0.153268 1.41524
160 270 210 220 0.103104 0.394898
160 290 220 230 0.0944753 0.579642
160 260 200 220 0.260557 0.0331278
160 300 220 240 0.181671 0.0751242
160 320 230 250 0.155215 0.055611
160 340 240 260 0.151793 0.0568648
160 360 250 270 0.155513 0.0734256
160 380 260 280 0.115213 0.0374596
160 400 270 290 0.0822349 0.0262409
160 370 250 280 0.195946 0
160 410 270 300 0.1203 0.0439386
160 430 280 310 0.105442 0.0409309
160 450 290 320 0.0906317 0.0336721
160 470 300 330 0.0769797 0.0396437
160 490 310 340 0.0679903 0.0448852
160 510 320 350 0.0642353 0.0581865
160 480 300 340 0.0960592 0.0317696
160 520 320 360 0.0813665 0.026521
160 540 330 370 0.0727834 0.0296485
160 580 350 390 0.0573967 0.0460462
160 600 360 400 0.0542811 0
160 620 370 410 0.0500422 0
160 590 350 400 0.0713312 0.0523982
160 630 370 420 0.0610114 0.0353691
160 650 380 430 0.0598474 0.114022
160 670 390 440 0.059569 0.0256153
160 690 400 450 0.0566504 0.0893333
160 710 410 460 0.0528874 0.0288515
160 700 400 460 0.0650077 0.0742259
170 200 180 190 4.83165 0.0571676
170 220 190 200 0.608385 0.8883
170 240 200 210 0.222867 0.10247
170 260 210 220 0.14263 1.10393
170 280 220 230 0.116605 0.41793
170 300 230 240 0.103377 0.27535
170 270 210 230 0.254075 0.0480451
170 310 230 250 0.181504 0.0336274
170 330 240 260 0.174421 0.0494877
170 350 250 270 0.177638 0.181813
170 370 260 280 0.130672 0.0330281
170 390 270 290 0.0936413 0.112895
170 410 280 300 0.0857936 0.0503049
170 380 260 290 0.17535 0.0246127
170 420 280 310 0.117105 0
170 440 290 320 0.0994571 0
170 460 300 330 0.0831759 0.025944
170 480 310 340 0.0731479 0.0295008
170 500 320 350 0.0695598 0
170 520 330 360 0.0628456 0.0343368
170 490 310 350 0.097843 0
170 530 330 370 0.0800152 0.0467114
170 550 340 380 0.0722004 0
170 570 350 390 0.0609165 0.0354242
170 590 360 400 0.0574943 0
170 610 370 410 0.0528269 0.0645877
170 630 380 420 0.0501926 0.0304005
170 600 360 410 0.0701219 0.0307738
170 640 380 430 0.0626354 0.0344521
170 660 390 440 0.062393 0.0423589
170 680 400 450 0.0591999 0.0364514
170 700 410 460 0.0553759 0
170 710 410 470 0.0626003 0.0344714
180 210 190 200 4.81911 0.0405287
180 230 200 210 0.664889 0.881638
180 250 210 220 0.219453 0.096345
180 270 220 230 0.153789 0.641787
180 290 230 240 0.129667 0.282425
180 310 240 250 0.0929754 0.143073
180 280 220 240 0.28634 0.0602897
180 320 240 260 0.205445 0.0514571
180 340 250 270 0.209612 0.0504341
180 360 260 280 0.151833 0.136321
180 380 270 290 0.106154 0.0406566
180 400 280 300 0.0969124 0.0995797
180 420 290 310 0.081035 0.0461236
180 390 270 300 0.155197 0.0556174
180 430 290 320 0.111242 0.0274336
180 450 300 330 0.0907955 0
180 470 310 340 0.0800633 0.0381168
180 490 320 350 0.0758529 0.0492746
180 510 330 360 0.0676172 0.0319137
180 530 340 370 0.06321 0
180 500 320 360 0.0944524 0
180 540 340 380 0.0754862 0.0571739
180 580 360 400 0.0611078 0.0499405
180 600 370 410 0.0559669 0.0609641
180 620 380 420 0.0527725 0.0289143
180 640 390 430 0.0529978 0.0814343
180 610 370 420 0.0675763 0.0451602
180 650 390 440 0.0658189 0
180 670 400 450 0.06178 0.0552277
180 690 410 460 0.0575204 0.0530552
180 710 420 470 0.0532262 0.0641032
190 220 200 210 5.17529 0
190 240 210 220 0.701193 0.691115
190 260 220 230 0.25073 0.108865
190 280 230 240 0.169779 0.680677
190 300 240 250 0.113433 0.240633
190 320 250 260 0.130386 0.0573316
190 290 230 250 0.28223 0.0305839
190 330 250 270 0.247346 0.024676
190 350 260 280 0.17789 0.0343105
190 370 270 290 0.122567 0.0431256
190 390 280 300 0.111551 0
190 410 290 310 0.0909063 0.0474757
190 430 300 320 0.0725645 0.0728427
190 400 280 310 0.148684 0
190 440 300 330 0.100862 0
190 460 310 340 0.0873653 0.034931
190 480 320 350 0.0823016 0.0454137
190 500 330 360 0.0734318 0
190 520 340 370 0.0682188 0.0316323
190 540 350 380 0.0546116 0.0739238
190 510 330 370 0.0930203 0.0463967
190 550 350 390 0.069326 0
190 570 360 400 0.065081 0.0331574
190 590 370 410 0.0592332 0.0576023
190 610 380 420 0.0556116 0.0274381
190 630 390 430 0.055321 0.0390072
190 650 400 440 0.052787 0
190 620 380 430 0.0688157 0.0701185
190 660 400 450 0.0645056 0.105788
190 680 410 460 0.0600687 0.0359242
190 700 420 470 0.0556032 0.0274423
200 230 210 220 6.82555 0.0404676
200 250 220 230 0.580993 1.38956
200 270 230 240 0.253324 0.207262
200 290 240 250 0.148087 0.343601
200 310 250 260 0.157669 0.119315
200 330 260 270 0.136815 0.199508
200 300 240 260 0.306726 0
200 340 260 280 0.213991 0.0285224
200 360 270 290 0.144909 0
200 380 280 300 0.127196 0.0678614
200 400 290 310 0.103051 0.029614
200 420 300 320 0.0814401 0.052994
200 440 310 330 0.069307 0.0311356
200 410 290 320 0.140227 0.0307774
200 450 310 340 0.0956292 0
200 470 320 350 0.0903383 0
200 490 330 360 0.0798979 0.0540169
200 510 340 370 0.0734512 0.0415481
200 530 350 380 0.060436 0
200 550 360 390 0.0525154 0.0410911
200 520 340 380 0.0901599 0.0338483
200 580 370 410 0.062856 0.0343312
200 600 380 420 0.058823 0.0733699
200 620 390 430 0.0579864 0.0372142
200 640 400 440 0.0551155 0.0276851
200 660 410 450 0.0529833 0.0407283
200 630 390 440 0.0718229 0
200 670 410 460 0.0623881 0
200 690 420 470 0.0577252 0.0373826
200 710 430 480 0.0535977 0.0493099
210 240 220 230 6.3634 0.053162
210 260 230 240 0.69701 1.57951
210 280 240 250 0.219112 0.136464
210 300 250 260 0.197087 0.237875
210 320 260 270 0.165595 0.0451417
210 340 270 280 0.0930387 0.339296
210 310 250 270 0.365796 0
210 350 270 290 0.171998 0
210 370 280 300 0.147733 0
210 390 290 310 0.119273 0.167781
210 410 300 320 0.091396 0
210 430 310 330 0.0779723 0
210 450 320 340 0.0645851 0
210 420 300 330 0.127477 0.0338559
210 460 320 350 0.0983728 0.0438723
210 480 330 360 0.0863101 0
210 500 340 370 0.0795155 0.0383794
210 520 350 380 0.0650452 0.0331757
210 540 360 390 0.0546246 0.0279339
210 530 350 390 0.0803808 0.0379663
210 570 370 410 0.0665776 0.0324121
210 590 380 420 0.0618846 0.0246568
210 610 390 430 0.0607915 0.0502004
210 630 400 440 0.0574789 0.0459804
210 650 410 450 0.0553862 0
210 670 420 460 0.0513772 0.0296996
210 640 400 450 0.0704054 0.0306499
210 680 420 470 0.0599378 0.0254577
210 700 430 480 0.0556283 0.0274299
220 250 230 240 6.54924 0.0894665
220 270 240 250 0.672513 1.47105
220 290 250 260 0.2907 0.183038
220 310 260 270 0.211654 0.515856
220 330 270 280 0.113991 0.215841
220 350 280 290 0.0946897 0.116203
220 320 260 280 0.32278 0.0267417
220 360 280 300 0.178657 0.0341632
220 380 290 310 0.137739 0.0313334
220 400 300 320 0.104732 0.0874164
220 420 310 330 0.0881986 0.034601
220 440 320 340 0.0721074 0.0518341
220 460 330 350 0.0691219 0.031219
220 430 310 340 0.120282 0.0253718
220 470 330 360 0.0950049 0.0454275
220 490 340 370 0.0868341 0.0351447
220 510 350 380 0.0701804 0.0307482
220 530 360 390 0.0609134 0.0560135
220 550 370 400 0.054718 0.0394371
220 570 380 410 0.0514557 0
220 540 360 400 0.0767532 0.028115
220 580 380 420 0.0655056 0.065885
220 600 390 430 0.0639859 0.0674498
220 620 400 440 0.060203 0.035844
220 640 410 450 0.0575557 0.0265113
220 660 420 460 0.0533956 0.0857305
220 680 430 470 0.0474136 0.0557414
220 650 410 460 0.0679916 0.0448843
220 690 430 480 0.0573142 0.0376507
220 710 440 490 0.0497665 0.0306607
230 260 240 250 5.50341 0.0709787
230 280 250 260 0.597293 1.08606
230 300 260 270 0.315291 0.154867
230 320 270 280 0.151245 0.698389
230 340 280 290 0.122786 0.346179
230 360 290 300 0.101177 0.0522432
230 330 270 290 0.2781 0.0438944
230 370 290 310 0.166909 0.0258574
230 390 300 320 0.12568 0.0485641
230 410 310 330 0.10158 0.249555
230 430 320 340 0.0831177 0.107045
230 450 330 350 0.0771559 0.100841
230 470 340 360 0.0686704 0.0444407
230 440 320 350 0.123316 0.0247475
230 480 340 370 0.095268 0
230 500 350 380 0.077297 0.0279172
230 520 360 390 0.0665472 0
230 540 370 400 0.05733 0.0266157
230 580 390 420 0.0518411 0.0416256
230 550 370 410 0.0762782 0
230 590 390 430 0.0677806 0.0318368
230 610 400 440 0.063576 0.0339423
230 630 410 450 0.0603122 0.0438204
230 650 420 460 0.056192 0.0271547
230 670 430 470 0.049161 0.0694039
230 690 440 480 0.0440777 0.0423981
230 660 420 470 0.0648797 0.0332603
230 700 440 490 0.0518915 0.0509313
240 270 250 260 3.25273 0.0300229
240 290 260 270 0.688894 0.971845
240 310 270 280 0.231622 0.51503
240 330 280 290 0.166005 0.708185
240 350 290 300 0.131739 0.309063
240 370 300 310 0.0849639 0.113584
240 340 280 300 0.308345 0.0279935
240 380 300 320 0.152834 0.0489109
240 400 310 330 0.121683 0
240 420 320 340 0.0978499 0.187129
240 440 330 350 0.0893674 0
240 460 340 360 0.0771648 0.0838952
240 480 350 370 0.0623812 0.0345924
240 450 330 360 0.119359 0.0442848
240 490 350 380 0.086634 0.0249085
240 510 360 390 0.0734455 0.0293812
240 530 370 400 0.0657803 0.032805
240 550 380 410 0.0598444 0.0954027
240 570 390 420 0.0559067 0.0472734
240 590 400 430 0.0512373 0.0297806
240 600 400 440 0.0677935 0.0450155
240 620 410 450 0.063985 0.0337254
240 640 420 460 0.0590495 0.0258407
240 660 430 470 0.0517306 0
240 680 440 480 0.0462859 0.0329664
240 700 450 490 0.0399698 0
240 670 430 480 0.0626391 0
240 710 450 500 0.0498645 0.0530016
250 280 260 270 3.08208 0.0316851
250 300 270 280 0.456784 1.14508
250 320 280 290 0.244603 0.364173
250 340 290 300 0.183878 0.333588
250 360 300 310 0.112141 0.121703
250 380 310 320 0.0840041 0.0926203
250 350 290 310 0.290902 0
250 390 310 330 0.151471 0.0402949
250 410 320 340 0.115849 0.052685
250 430 330 350 0.105864 0.228808
250 450 340 360 0.0873488 0.0247046
250 470 350 370 0.070529 0.0305962
250 490 360 380 0.0604575 0.0504778
250 460 340 370 0.12114 0.025192
250 500 360 390 0.0819495 0.0372395
250 520 370 400 0.0726258 0.0664399
250 540 380 410 0.0629136 0.0342997
250 580 400 430 0.0549171 0.0277851
250 600 410 440 0.0525534 0
250 570 390 430 0.0783044 0.0275581
250 610 410 450 0.067865 0.0317972
250 630 420 460 0.0623411 0.0346147
250 650 430 470 0.0542294 0.0281375
250 670 440 480 0.0484062 0.0315224
250 690 450 490 0.0417504 0
250 710 460 500 0.0404471 0
250 680 440 490 0.0569204 0.0268073
260 290 270 280 2.51411 0.047573
260 310 280 290 0.494132 1.04402
260 330 290 300 0.285624 0.224121
260 350 300 310 0.159395 0.445734
260 370 310 320 0.112207 0.176261
260 390 320 330 0.0853901 0.435518
260 360 300 320 0.275084 0.0543488
260 400 320 340 0.146478 0
260 420 330 350 0.130807 0
260 440 340 360 0.105057 0.0918601
260 460 350 370 0.0818803 0.0263546
260 480 360 380 0.0692364 0.0539835
260 500 370 390 0.0551933 0.0478844
260 470 350 380 0.112541 0
260 510 370 400 0.0821535 0
260 530 380 410 0.0742157 0.0411201
260 550 390 420 0.0667473 0
260 570 400 430 0.0602261 0.0253359
260 590 410 440 0.0573266 0.0266173
260 610 420 450 0.0547463 0.0482754
260 580 400 440 0.0794711 0.0271535
260 620 420 460 0.0670464 0.0643709
260 640 430 470 0.0579309 0.0263396
260 660 440 480 0.0515948 0.13226
260 680 450 490 0.0444084 0.0343602
260 700 460 500 0.0429883 0.0501978
260 690 450 500 0.0553673 0.0275592
270 300 280 290 2.75241 0
270 320 290 300 0.567205 2.10073
270 340 300 310 0.263012 0.297184
270 360 310 320 0.165795 0.335388
270 380 320 330 0.1141 0.119613
270 400 330 340 0.0823232 0.209702
270 370 310 330 0.275712 0.0313068
270 410 330 350 0.166505 0.0259202
270 430 340 360 0.132083 0.0653503
270 450 350 370 0.0979556 0.0311545
270 470 360 380 0.0822225 0.0454574
270 490 370 390 0.0644565 0
270 510 380 400 0.0594481 0.0256674
270 480 360 390 0.110025 0.0392258
270 520 380 410 0.0848031 0.0254462
270 540 390 420 0.0721287 0.0299176
270 580 410 440 0.0631615 0
270 600 420 450 0.0596251 0.0511824
270 620 430 460 0.0513927 0.0727268
270 590 410 450 0.0806011 0.0378625
270 630 430 470 0.0624647 0.0244279
270 650 440 480 0.05555 0
270 670 450 490 0.0471756 0.0323447
270 690 460 500 0.0456257 0.0334434
270 710 470 510 0.0446693 0.0341594
270 700 460 510 0.0564013 0.0468589
280 310 290 300 2.25994 0.0305554
280 330 300 310 0.485421 0.921573
280 350 310 320 0.252458 0.218927
280 370 320 330 0.159837 0.677734
280 390 330 340 0.11102 0.29478
280 410 340 350 0.103467 0.193411
280 380 320 340 0.266817 0
280 420 340 360 0.165465 0.026083
280 440 350 370 0.119185 0.0362114
280 460 360 380 0.0958995 0.0318224
280 480 370 390 0.0735894 0.0414701
280 500 380 400 0.0678637 0.149145
280 520 390 410 0.0623764 0.0345951
280 490 370 400 0.110098 0
280 530 390 420 0.0851912 0.0253303
280 550 400 430 0.0735892 0.0414702
280 570 410 440 0.0690336 0.0442068
280 590 420 450 0.0645839 0.0334127
280 610 430 460 0.0549515 0.0277677
280 630 440 470 0.0451917 0.0893327
280 600 420 460 0.0782008 0.0477952
280 640 440 480 0.058684 0.0687938
280 660 450 490 0.0498753 0.0305939
280 680 460 500 0.0479613 0.0449929
280 700 470 510 0.0468848 0
280 710 470 520 0.0554873 0.06736
290 320 300 310 2.66246 0.036679
290 340 310 320 0.514163 1.25134
290 360 320 330 0.259568 0.272196
290 380 330 340 0.155875 0.587349
290 400 340 350 0.139843 0.28951
290 420 350 360 0.083215 0.218506
290 390 330 350 0.310335 0.062194
290 430 350 370 0.153829 0.0627353
290 450 360 380 0.116859 0.0522298
290 470 370 390 0.0884422 0.109116
290 490 380 400 0.0799137 0.0763763
290 510 390 410 0.0716277 0.0426058
290 530 400 420 0.0577468 0.0528473
290 500 380 410 0.111777 0
290 540 400 430 0.0790303 0.0273049
290 580 420 450 0.0709642 0.0430042
290 600 430 460 0.0596029 0.0362049
290 620 440 470 0.0485727 0.0314143
290 640 450 480 0.0428424 0
290 610 430 470 0.072266 0.0422295
290 650 450 490 0.0537185 0.0284051
290 670 460 500 0.0507859 0
290 690 470 510 0.0495537 0
290 710 480 520 0.0442375 0
300 330 310 320 2.3753 0
300 350 320 330 0.505142 1.06985
300 370 330 340 0.25239 0.345401
300 390 340 350 0.20917 0.610685
300 410 350 360 0.113017 0.28957
300 430 360 370 0.0920965 0.178446
300 400 340 360 0.30742 0.039708
300 440 360 380 0.152152 0.0283652
300 460 370 390 0.108371 0
300 480 380 400 0.0953315 0.0452719
300 500 390 410 0.0851861 0.043876
300 520 400 420 0.0672434 0.0320912
300 540 410 430 0.0559187 0.0272875
300 510 390 420 0.114288 0.0267024
300 550 410 440 0.0866636 0.043128
300 570 420 450 0.0793571 0.0271925
300 590 430 460 0.0659835 0
300 610 440 470 0.0529219 0.0407756
300 630 450 480 0.0462725 0.046635
300 650 460 490 0.0410945 0.037131
300 620 440 480 0.0684668 0.0315178
300 660 460 500 0.0543612 0
300 680 470 510 0.0528444 0.0408353
300 700 480 520 0.0470496 0.0648625
310 340 320 330 2.81352 0.0347097
310 360 330 340 0.508207 1.75854
310 380 340 350 0.322393 0.289602
310 400 350 360 0.161628 0.34713
310 420 360 370 0.125231 0.165279
310 440 370 380 0.080389 0.0464942
310 410 350 370 0.288221 0
310 450 370 390 0.136032 0.054952
310 470 380 400 0.117324 0.0520225
310 490 390 410 0.102402 0.126438
310 510 400 420 0.0782574 0.0729556
310 530 410 430 0.0689184 0
310 550 420 440 0.064043 0.0583611
310 520 400 430 0.113409 0
310 580 430 460 0.0731168 0.0722925
310 600 440 470 0.0580092 0.0588177
310 620 450 480 0.0500671 0.142948
310 640 460 490 0.0440353 0.101025
310 660 470 500 0.0431382 0.100047
310 630 450 490 0.0621066 0.0425542
310 670 470 510 0.0561568 0.0470628
310 690 480 520 0.0497865 0.210115
310 710 490 530 0.0477432 0.0451984
320 350 330 340 2.01699 0.0342359
320 370 340 350 0.628748 2.1243
320 390 350 360 0.258919 0.137453
320 410 360 370 0.178128 0.290747
320 430 370 380 0.111221 0.0910038
320 450 380 390 0.0736082 0.0879489
320 420 360 380 0.290849 0
320 460 380 400 0.146066 0.0417861
320 480 390 410 0.123818 0.0426902
320 500 400 420 0.0938965 0.183855
320 520 410 430 0.080936 0.0653084
320 540 420 440 0.0692975 0.0440385
320 530 410 440 0.116686 0
320 570 430 460 0.0820529 0.0262991
320 590 440 470 0.0640033 0.0337157
320 610 450 480 0.0547355 0.0557547
320 630 460 490 0.0476613 0
320 650 470 500 0.0468022 0.0326027
320 670 480 510 0.0422726 0.0442086
320 640 460 500 0.0630392 0
320 680 480 520 0.0532162 0.04055
320 700 490 530 0.0507612 0.0520653
330 360 340 350 3.23088 0.074038
330 380 350 360 0.467589 1.36329
330 400 360 370 0.280618 0.199344
330 420 370 380 0.160904 0.146912
330 440 380 390 0.100313 0.139413
330 460 390 400 0.0899623 0.0479738
330 430 370 390 0.261791 0
330 470 390 410 0.157363 0.0387861
330 490 400 420 0.115513 0.0876225
330 510 410 430 0.0957261 0.204132
330 530 420 440 0.0872713 0.0552902
330 550 430 450 0.0713508 0.0676272
330 570 440 460 0.0536489 0.110155
330 540 420 450 0.109469 0.0278779
330 580 440 470 0.0715182 0.0522612
330 600 450 480 0.0603163 0.025298
330 620 460 490 0.0519091 0.0293952
330 640 470 500 0.0502322 0.0303765
330 660 480 510 0.045412 0.0336008
330 680 490 520 0.0427337 0.0357067
330 650 470 510 0.0655136 0.0329385
330 690 490 530 0.0539481 0.0399999
330 710 500 540 0.0607491 0.0502354
340 370 350 360 1.5176 0.0455018
340 390 360 370 0.532438 1.37827
340 410 370 380 0.248456 0.314595
340 430 380 390 0.146029 0.591092
340 450 390 400 0.117874 0.181229
340 470 400 410 0.0836515 0.0729636
340 440 380 400 0.264844 0
340 480 400 420 0.14256 0.0302738
340 500 410 430 0.117071 0.0782025
340 520 420 440 0.103867 0.529683
340 540 430 450 0.0772991 0.0279165
340 580 450 470 0.0455291 0.0473965
340 550 430 460 0.106586 0
340 590 450 480 0.0672164 0.032104
340 610 460 490 0.0570162 0
340 630 470 500 0.0546547 0.0394828
340 650 480 510 0.0496287 0.0307459
340 670 490 520 0.0455661 0.047358
340 690 500 530 0.0400946 0.038057
340 660 480 520 0.060972 0.0250259
340 700 500 540 0.0646691 0.081736
350 380 360 370 2.16078 0.0553522
350 400 370 380 0.505303 1.6079
350 420 380 390 0.244182 0.283897
350 440 390 400 0.178444 0.315346
350 460 400 410 0.113416 0.104213
350 480 410 420 0.0790682 0.151955
350 450 390 410 0.287409 0.0424726
350 490 410 430 0.152812 0.0282428
350 510 420 440 0.12916 0.110824
350 530 430 450 0.102722 0
350 550 440 460 0.071813 0.0600983
350 570 450 470 0.0526842 0.0409595
350 590 460 480 0.0478605 0.0901754
350 600 460 490 0.0643481 0.0821439
350 620 470 500 0.0607123 0.0355434
350 640 480 510 0.0540909 0.0398943
350 660 490 520 0.0497497 0.0433756
350 680 500 530 0.0433592 0.0248842
350 700 510 540 0.0521298 0.0292708
350 670 490 530 0.0623965 0
350 710 510 550 0.0508392 0.0300138
360 390 370 380 1.47903 0.0330136
360 410 380 390 0.422679 1.31079
360 430 390 400 0.278381 0.25942
360 450 400 410 0.154191 0.499921
360 470 410 420 0.104629 0.247493
360 490 420 430 0.0893736 0.210491
360 460 400 420 0.257187 0
360 500 420 440 0.162142 0.0266176
360 520 430 450 0.124502 0.0245118
360 540 440 460 0.0780634 0.11728
360 580 460 480 0.054408 0.0485756
360 600 470 490 0.0458995 0.0743356
360 570 450 480 0.0885231 0
360 610 470 500 0.0672186 0.055604
360 630 480 510 0.059137 0.0364902
360 650 490 520 0.0544471 0.028025
360 670 500 530 0.0465369 0
360 690 510 540 0.0556885 0.0474586
360 710 520 550 0.0399525 0.0467758
360 680 500 540 0.0745964 0.0409103
370 400 380 390 1.37644 0.043447
370 420 390 400 0.54042 1.66509
370 440 400 410 0.250168 0.29681
370 460 410 420 0.14459 0.450708
370 480 420 430 0.117072 0.208539
370 500 430 440 0.0932618 0.574278
370 470 410 430 0.271476 0.0635908
370 510 430 450 0.156301 0.0390496
370 530 440 460 0.105916 0
370 550 450 470 0.0715153 0.14153
370 570 460 480 0.0632436 0.048254
370 590 470 490 0.0521981 0.0292324
370 610 480 500 0.044941 0.0679058
370 580 460 490 0.0834068 0.0258722
370 620 480 510 0.0654922 0
370 640 490 520 0.0593363 0.0257158
370 660 500 530 0.0506747 0.0301112
370 680 510 540 0.0600331 0.0254173
370 700 520 550 0.0429303 0.0355432
370 690 510 550 0.058415 0
380 410 390 400 1.78544 0
380 430 400 410 0.525237 1.13143
380 450 410 420 0.221414 0.320289
380 470 420 430 0.1679 0.685407
380 490 430 440 0.127234 0.258331
380 510 440 450 0.082963 0.185753
380 480 420 440 0.293855 0.0293739
380 520 440 460 0.133941 0
380 540 450 470 0.0791616 0.038551
380 580 470 490 0.0604057 0.050521
380 600 480 500 0.0508855 0.059973
380 620 490 510 0.0491234 0.0538013
380 590 470 500 0.0868508 0.043035
380 630 490 520 0.0657091 0.0568814
380 650 500 530 0.0557928 0.027349
380 670 510 540 0.0650609 0
380 690 520 550 0.0461098 0
390 420 400 410 2.12842 0.0324434
390 440 410 420 0.453179 1.27059
390 460 420 430 0.252568 0.213427
390 480 430 440 0.176348 1.05008
390 500 440 450 0.112017 0.763307
390 520 450 460 0.0661853 0.34505
390 490 430 450 0.293102 0.0294494
390 530 450 470 0.111957 0.0472128
390 550 460 480 0.0896698 0
390 570 470 490 0.0709303 0.718655
390 590 480 500 0.0582674 0.0692857
390 610 490 510 0.0550862 0.18164
390 630 500 520 0.0437271 0.0652835
390 600 480 510 0.0834738 0.0258514
390 640 500 530 0.0610964 0.0353199
390 660 510 540 0.0712744 0.0524399
390 680 520 550 0.0498799 0.0305911
390 710 530 570 0.0533293 0.0286124
400 430 410 420 2.2377 0.0436414
400 450 420 430 0.513306 1.32194
400 470 430 440 0.292142 0.269178
400 490 440 450 0.166498 0.531229
400 510 450 460 0.0895095 0.236212
400 530 460 470 0.0611629 0.159744
400 500 440 460 0.249388 0
400 540 460 480 0.102922 0.0296512
400 580 480 500 0.0703391 0.159412
400 600 490 510 0.0645057 0.0579425
400 620 500 520 0.0501735 0.0680034
400 640 510 530 0.0409892 0.0372264
400 610 490 520 0.0848596 0.0254293
400 650 510 540 0.0800835 0.0381072
400 670 520 550 0.0552 0
410 440 420 430 2.58669 0.0266956
410 460 430 440 0.574816 1.41441
410 480 440 450 0.263865 0.364271
410 500 450 460 0.132506 0.588985
410 520 460 470 0.0843573 0.182683
410 540 470 480 0.0638664 0.13086
410 510 450 470 0.21203 0.0287861
410 550 470 490 0.112072 0.0272302
410 570 480 500 0.0870973 0.0743279
410 590 490 510 0.077398 0.224782
410 610 500 520 0.0583907 0.0691394
410 630 510 530 0.0469814 0.102706
410 650 520 540 0.0647987 0
410 620 500 530 0.0807058 0.0267381
410 660 520 550 0.0618797 0
420 450 430 440 2.54468 0.0271364
420 470 440 450 0.526564 1.39673
420 490 450 460 0.218188 0.195815
420 510 460 470 0.120492 0.547331
420 530 470 480 0.100549 0.168988
420 550 480 490 0.0552008 0.817671
420 520 460 480 0.226773 0.0269147
420 580 490 510 0.0954917 0.0319584
420 600 500 520 0.0694026 0.0538542
420 620 510 530 0.0546004 0
420 640 520 540 0.0736404 0.0414413
420 660 530 550 0.0442172 0.0488027
420 630 510 540 0.10524 0
420 710 550 580 0.0404459 0
430 460 440 450 2.00603 0
430 480 450 460 0.42925 1.4182
430 500 460 470 0.202023 0.303626
430 520 470 480 0.151806 0.542408
430 540 480 490 0.0681971 0.262841
430 530 470 490 0.226104 0.0381757
430 570 490 510 0.124539 0.0346546
430 590 500 520 0.0866662 0.0248992
430 610 510 530 0.0657762 0.284117
430 630 520 540 0.0875343 0.0246523
430 650 530 550 0.051296 0.111301
430 640 520 550 0.0818775 0
430 700 550 580 0.0449917 0.0479626
440 470 450 460 1.89842 0.0257204
440 490 460 470 0.429703 1.06596
440 510 470 480 0.255507 0.185035
440 530 480 490 0.123916 0.810845
440 550 490 500 0.101912 0.572881
440 570 500 510 0.0715179 0.162487
440 540 480 500 0.196256 0.0439817
440 580 500 520 0.11565 0.0373181
440 600 510 530 0.0831532 0.0686602
440 620 520 540 0.107228 0.0402492
440 640 530 550 0.0607413 0.0502419
440 680 550 570 0.0354387 0
440 690 550 580 0.0511257 0.0731066
450 480 460 470 1.38117 0.0353527
450 500 470 480 0.507597 0.949847
450 520 480 490 0.208532 0.191929
450 540 490 500 0.131972 0.540337
450 580 510 520 0.0603272 0.0505867
450 550 490 510 0.250837 0
450 590 510 530 0.107926 0.0282765
450 610 520 540 0.133145 0.347608
450 630 530 550 0.0735664 0.163319
450 670 550 570 0.0407063 0.0879104
460 490 470 480 2.03873 0
460 510 480 490 0.388338 3.50655
460 530 490 500 0.257908 0.539656
460 550 500 510 0.141667 0.413244
460 570 510 520 0.081236 0.279865
460 590 520 530 0.0617744 0.238206
460 600 520 540 0.168362 0.0627909
460 620 530 550 0.0896188 0.0340527
460 660 550 570 0.0470649 0.0458499
460 700 570 590 0.036952 0.0715225
460 670 550 580 0.066534 0
460 710 570 600 0.0535685 0.0402834
470 500 480 490 1.74669 0
470 520 490 500 0.59646 0.909751
470 540 500 510 0.182528 0.313684
470 580 520 530 0.0832321 0.181486
470 600 530 540 0.125002 0.0488272
470 570 510 530 0.199831 0.0305434
470 610 530 550 0.110995 0.0274946
470 650 550 570 0.0556536 0.164504
470 690 570 590 0.0413812 0
470 710 580 600 0.0375754 0.0406084
480 510 490 500 2.81659 0.0424641
480 530 500 510 0.504656 1.13404
480 550 510 520 0.189051 0.292353
480 570 520 530 0.123882 0.376833
480 590 530 540 0.177071 0.223386
480 580 520 540 0.35458 0.0344268
480 640 550 570 0.0679209 0.044931
480 680 570 590 0.0482075 0.0548234
480 700 580 600 0.0431354 0.11996
480 690 570 600 0.0689363 0.0313031
490 520 500 510 2.88084 0
490 540 510 520 0.278719 1.15087
490 580 530 540 0.276924 0.222597
490 590 530 550 0.206922 0.0417145
490 630 550 570 0.0846004 0.0255072
490 670 570 590 0.0556323 0.378068
490 690 580 600 0.048399 0.0834127
490 710 590 610 0.041001 0.263154
490 700 580 610 0.0666904 0.0560444
500 530 510 520 2.50726 0.0870933
500 550 520 530 0.51538 1.21098
500 570 530 540 0.548992 1.13466
500 660 570 590 0.0687856 0.136746
500 680 580 600 0.0573827 0.084089
500 700 590 610 0.0474076 0.140297
500 710 590 620 0.0637311 0.0478849
510 540 520 530 2.06155 0.0473704
510 640 570 580 0.0501996 0.50498
510 610 550 570 0.166352 0.0366903
510 650 570 590 0.0894285 0.0341251
510 670 580 600 0.0699795 0.0975134
510 690 590 610 0.0554097 1.34824
510 710 600 620 0.0429613 0.0664473
520 630 570 580 0.067879 0.155742
520 650 580 590 0.0495681 0.184701
520 660 580 600 0.0879601 0.0600931
520 680 590 610 0.0659497 0.092548
520 700 600 620 0.0498054 0.193764
530 620 570 580 0.101611 1.99221
530 640 580 590 0.0663696 0.933884
530 660 590 600 0.0496535 0.271405
530 630 570 590 0.167438 0
530 670 590 610 0.0820259 0.0263078
530 690 600 620 0.0587299 0.196155
530 710 610 630 0.049366 0.881328
540 610 570 580 0.340009 0.0439709
540 630 580 590 0.152861 0.222313
540 650 590 600 0.0888151 0.0485935
540 670 600 610 0.0519635 0.887758
540 640 580 600 0.241768 0.0667929
540 680 600 620 0.0873686 0.024699
540 700 610 630 0.0686439 0.0314364
550 600 570 580 0.555585 3.34717
550 620 580 590 0.194257 0.243376
550 640 590 600 0.105354 0.834523
550 660 600 610 0.0598516 0.338221
550 680 610 620 0.0397702 1.3059
550 650 590 610 0.165208 0.0522472
550 690 610 630 0.0736282 0.0293083
550 710 620 640 0.0624152 0.0345736
570 600 580 590 4.85651 0.0284375
570 620 590 600 0.649581 1.4706
570 640 600 610 0.162911 0.263592
570 660 610 620 0.0789961 1.4555
570 680 620 630 0.0559847 0.699139
570 700 630 640 0.0418376 0.748776
570 670 610 630 0.134337 0.0454343
570 710 630 650 0.0685232 0.0445362
580 610 590 600 5.58259 0.0553178
580 630 600 610 0.537841 0.956484
580 650 610 620 0.151948 0.391513
580 670 620 630 0.0842528 1.65572
580 690 630 640 0.0547831 0.964056
580 710 640 650 0.0343499 1.09803
580 680 620 640 0.137412 0.031408
590 620 600 610 4.49953 0.126553
590 640 610 620 0.476495 0.952369
590 660 620 630 0.158026 0.221876
590 680 630 640 0.081287 1.85164
590 700 640 650 0.0457742 0.820609
590 690 630 650 0.123102 0.0429385
600 630 610 620 4.17133 0.0331086
600 650 620 630 0.516036 4.59719
600 670 630 640 0.156988 0.346655
600 690 640 650 0.0684976 1.64785
600 710 650 660 0.0564956 0.565252
600 700 640 660 0.127541 0.0338388
610 640 620 630 3.87826 0.0251804
610 660 630 640 0.432804 1.04471
610 680 640 650 0.123143 0.241547
610 700 650 660 0.0815042 1.01649
610 710 650 670 0.141249 0
620 650 630 640 3.045 0.064142
620 670 640 650 0.335019 4.81393
620 690 650 660 0.134131 0.30184
620 710 660 670 0.0806373 0.680693
630 660 640 650 2.92735 0.047178
630 680 650 660 0.373928 1.52248
630 700 660 670 0.135231 0.18881
640 670 650 660 3.08273 0.0316785
640 690 660 670 0.343573 1.89043
640 710 670 680 0.127833 0.223949
650 680 660 670 2.6018 0.0593466
650 700 670 680 0.305737 4.95299
660 690 670 680 2.82925 0.114479
660 710 680 690 0.369074 1.03276
670 700 680 690 3.01196 0.300677
680 710 690 700 3.13804 1.97607
