!C:\2019\Myanmar\Sequences\Data\kawpiphtawwsautoel.dat
0 30 10 20 13.3294 0.0879164
0 50 20 30 2.18095 0.51826
0 70 30 40 0.699786 0.588506
0 90 40 50 0.361888 2.76282
0 110 50 60 0.24742 0.910834
0 130 60 70 0.171871 0.405839
0 100 40 60 0.603934 0.0390075
0 140 60 80 0.323323 0.165872
0 160 70 90 0.262649 0.0669085
0 180 80 100 0.219465 1.42888
0 200 90 110 0.191874 0.509299
0 240 110 130 0.163897 0.139935
0 230 100 130 0.261082 0.167702
0 270 120 150 0.219323 0.279418
0 290 130 160 0.197632 0.264083
0 310 140 170 0.176654 0.215183
0 330 150 180 0.181451 0.0329988
0 350 160 190 0.144218 1.12441
0 370 170 200 0.124707 0.138817
0 340 150 190 0.201546 0.0271508
0 380 170 210 0.152262 0.185435
0 400 180 220 0.138682 0.128916
0 420 190 230 0.125493 0.120869
0 440 200 240 0.128862 0.144358
0 460 210 250 0.143498 0.0819301
0 480 220 260 0.141267 0.104258
0 450 200 250 0.173587 0.178317
0 490 220 270 0.16137 0.0538412
0 510 230 280 0.19009 0.286564
0 530 240 290 0.166831 0.0426818
0 550 250 300 0.126213 0.115872
0 570 260 310 0.11565 2.17468
0 590 270 320 0.086535 0.193352
0 560 250 310 0.139881 0.0933837
0 600 270 330 0.0924334 0.261072
0 620 280 340 0.0782439 0.402275
0 640 290 350 0.0698414 0.0438107
0 660 300 360 0.0842435 4.91184
0 680 310 370 0.0806774 0.127808
0 700 320 380 0.099593 0
0 670 300 370 0.0901135 0.936287
0 690 310 380 0.0964061 0.225769
0 710 320 390 0.0982236 0.062139
10 40 20 30 12.4782 0
10 60 30 40 2.10467 0.786064
10 80 40 50 0.711317 0.395004
10 100 50 60 0.357491 3.75428
10 120 60 70 0.242872 0.988355
10 140 70 80 0.172759 0.10992
10 110 50 70 0.59614 0.03991
10 150 70 90 0.322122 0.0946084
10 170 80 100 0.260967 0.221542
10 190 90 110 0.221817 1.69443
10 210 100 120 0.194578 0.454
10 230 110 130 0.187632 0.606687
10 250 120 140 0.16897 0.0530123
10 240 110 140 0.262711 0.0566822
10 280 130 160 0.219135 0.0700319
10 300 140 170 0.196803 0.363794
10 320 150 180 0.174669 0.514945
10 340 160 190 0.179382 0.0939922
10 360 170 200 0.144429 0.521293
10 380 180 210 0.126421 0.283834
10 350 160 200 0.200878 0.112598
10 390 180 220 0.1536 0.525601
10 410 190 230 0.140194 0.128383
10 430 200 240 0.126913 0.120171
10 450 210 250 0.130927 0.0602987
10 470 220 260 0.145354 0.0957265
10 490 230 270 0.140386 0.288424
10 460 210 260 0.174012 0.0825935
10 500 230 280 0.163341 0.240282
10 520 240 290 0.186794 0.207967
10 540 250 300 0.161714 0.13189
10 560 260 310 0.125273 0.080064
10 580 270 320 0.115629 0.0400288
10 600 280 330 0.086535 0.587261
10 570 260 320 0.139756 0.168827
10 610 280 340 0.0924334 0.201004
10 630 290 350 0.0782439 0.355625
10 650 300 360 0.0698414 2.8886
10 670 310 370 0.0842435 1.23931
10 690 320 380 0.0806774 0.232106
10 710 330 390 0.099593 0.0541999
10 680 310 380 0.0901135 0.60038
10 700 320 390 0.0964061 0
20 50 30 40 11.6582 0.0473852
20 70 40 50 2.10467 4.40774
20 90 50 60 0.740251 0.478039
20 110 60 70 0.348294 1.90924
20 130 70 80 0.233033 0.337271
20 150 80 90 0.17238 0.719376
20 120 60 80 0.585749 0.118944
20 160 80 100 0.32043 0.0940411
20 180 90 110 0.257877 0.589727
20 200 100 120 0.223515 2.28184
20 220 110 130 0.196205 0.307791
20 240 120 140 0.191407 0.403599
20 260 130 150 0.172076 0.207377
20 250 120 150 0.263382 0
20 290 140 170 0.219894 0.162967
20 310 150 180 0.196009 0.284935
20 330 160 190 0.173325 0.254272
20 350 170 200 0.177659 0.162895
20 370 180 210 0.144916 0.0692601
20 390 190 220 0.127687 0.414392
20 360 170 210 0.200554 0.110217
20 400 190 230 0.155 0
20 420 200 240 0.141341 0.0324928
20 440 210 250 0.128621 0.209487
20 460 220 260 0.132147 0.0670951
20 480 230 270 0.14557 0.237195
20 500 240 280 0.139939 0.093346
20 470 220 270 0.17419 0.0464285
20 510 240 290 0.161974 0.120061
20 530 250 300 0.183626 0.397102
20 550 260 310 0.157734 0.0265981
20 570 270 320 0.124542 0.0591613
20 590 280 330 0.115613 0.0585789
20 610 290 340 0.086535 0.331707
20 580 270 330 0.13966 0.178659
20 620 290 350 0.0924334 0.0715256
20 640 300 360 0.0782439 0.984286
20 680 320 380 0.0842435 0.588925
20 700 330 390 0.0806774 0.0379658
20 690 320 390 0.0901135 0.0717641
20 710 330 400 0.0964061 0.0979063
30 60 40 50 11.5376 0.0338566
30 80 50 60 2.20889 2.49096
30 100 60 70 0.740251 1.27691
30 120 70 80 0.342029 0.799936
30 140 80 90 0.228791 0.350636
30 160 90 100 0.17238 1.31411
30 130 70 90 0.580553 0.141268
30 170 90 110 0.320435 0.0938597
30 190 100 120 0.264056 0.323894
30 210 110 130 0.227278 2.2567
30 230 120 140 0.2017 0.0753705
30 250 130 150 0.193672 0.53814
30 270 140 160 0.17695 0.114607
30 260 130 160 0.266371 0.103186
30 300 150 180 0.219678 0.553664
30 320 160 190 0.195234 0.210725
30 340 170 200 0.172383 0.232928
30 360 180 210 0.176723 0.20539
30 380 190 220 0.145576 0.247067
30 400 200 230 0.128673 0.394881
30 370 180 220 0.200427 0.409077
30 410 200 240 0.156164 0.0515941
30 430 210 250 0.142261 0.106756
30 450 220 260 0.13051 0.15781
30 470 230 270 0.132804 0.249081
30 490 240 280 0.144691 0.257478
30 510 250 290 0.139296 0.374193
30 480 230 280 0.174329 0.453237
30 520 250 300 0.160776 0.337309
30 540 260 310 0.179803 0.120963
30 560 270 320 0.15455 0.355705
30 580 280 330 0.123957 0.281106
30 600 290 340 0.1156 0.272068
30 620 300 350 0.086535 0.324101
30 590 280 340 0.139582 0.140919
30 630 300 360 0.0924334 0.0781445
30 650 310 370 0.0782439 2.53376
30 670 320 380 0.0698414 1.93998
30 690 330 390 0.0842435 0.0354441
30 710 340 400 0.0806774 0.0637346
30 700 330 400 0.0901135 0.536534
40 70 50 60 11.4257 0.0764475
40 90 60 70 2.20889 7.49152
40 110 70 80 0.671956 0.435936
40 130 80 90 0.338695 1.13763
40 150 90 100 0.226299 0.0825625
40 170 100 110 0.173458 0.651652
40 140 80 100 0.587528 0.0675821
40 180 100 120 0.324175 1.29341
40 200 110 130 0.270373 0.11626
40 220 120 140 0.232572 4.65916
40 240 130 150 0.209866 0.0301094
40 260 140 160 0.198067 0.42379
40 280 150 170 0.181816 0.490439
40 270 140 170 0.267285 0.079011
40 310 160 190 0.221192 0.189513
40 330 170 200 0.195234 0.0542803
40 350 180 210 0.16967 0.165617
40 370 190 220 0.174292 0.511188
40 390 200 230 0.146135 0.173221
40 410 210 240 0.129408 0.0777099
40 380 190 230 0.199336 0.0930167
40 420 210 250 0.15717 0.0845096
40 440 220 260 0.143747 0.0451272
40 460 230 270 0.132472 0.0565629
40 480 240 280 0.132549 0.147453
40 500 250 290 0.14493 0
40 520 260 300 0.138516 0.203557
40 490 240 290 0.174553 0.134218
40 530 260 310 0.159695 0.136674
40 550 270 320 0.175521 0.434537
40 570 280 330 0.151945 0.133883
40 590 290 340 0.123478 0.213411
40 610 300 350 0.11559 0.199593
40 630 310 360 0.086535 0.112348
40 600 290 350 0.139519 0.253922
40 640 310 370 0.0924334 1.57942
40 660 320 380 0.0782439 1.71088
40 680 330 390 0.0698414 0.0262539
40 700 340 400 0.0842435 0.10857
40 710 340 410 0.0901135 0.0460155
50 80 60 70 10.3981 0.026564
50 100 70 80 1.9472 1.9372
50 120 80 90 0.662646 0.253029
50 140 90 100 0.340101 1.63522
50 160 100 110 0.228791 0.852044
50 180 110 120 0.179784 3.06095
50 150 90 110 0.594502 0.110309
50 190 110 130 0.327773 0.108352
50 210 120 140 0.270099 0.374872
50 230 130 150 0.237171 1.175
50 250 140 160 0.21679 0.0585316
50 270 150 170 0.200053 0.572021
50 290 160 180 0.184249 0.902972
50 280 150 180 0.267893 0.622436
50 320 170 200 0.22208 0.165101
50 340 180 210 0.193224 0.181871
50 360 190 220 0.16941 0.764101
50 380 200 230 0.172389 0.912575
50 400 210 240 0.146705 0.13156
50 420 220 250 0.130593 0.350725
50 390 200 240 0.199528 0.0823672
50 430 220 260 0.158064 0.0318506
50 450 230 270 0.145125 0.117572
50 470 240 280 0.135162 0.262753
50 490 250 290 0.13305 0.141249
50 510 260 300 0.14427 0.29073
50 530 270 310 0.137479 0.210081
50 500 250 300 0.174633 0.119451
50 540 270 320 0.158733 0.0292134
50 560 280 330 0.172019 0.133663
50 580 290 340 0.149774 0.0484812
50 600 300 350 0.123079 0.266351
50 620 310 360 0.115581 0.0626718
50 640 320 370 0.086535 1.28864
50 610 300 360 0.139466 0.521897
50 650 320 380 0.0924334 0.0794096
50 670 330 390 0.0782439 0.199634
50 690 340 400 0.0698414 0.0462515
50 710 350 410 0.0842435 0.0444106
60 90 70 80 12.4253 0.0314379
60 110 80 90 1.90496 4.22256
60 130 90 100 0.662431 0.733874
60 150 100 110 0.342782 0.988771
60 170 110 120 0.236512 0.786362
60 190 120 130 0.186109 1.34655
60 160 100 120 0.602152 0.11442
60 200 120 140 0.327773 0
60 220 130 150 0.274259 0.907633
60 240 140 160 0.24471 0.682422
60 260 150 170 0.223711 0.348902
60 280 160 180 0.200709 0.667163
60 300 170 190 0.184249 0.267258
60 290 160 190 0.268194 0.349313
60 330 180 210 0.224496 0.206538
60 350 190 220 0.192398 0.167956
60 370 200 230 0.170371 0.0478692
60 390 210 240 0.171383 0.117089
60 410 220 250 0.147401 0.028735
60 430 230 260 0.131636 0.190963
60 400 210 250 0.199824 0.0686421
60 440 230 270 0.159984 0.207336
60 460 240 280 0.146281 0.517677
60 480 250 290 0.138035 0.819685
60 500 260 300 0.135139 0.177208
60 520 270 310 0.145177 0.238384
60 540 280 320 0.136752 0.65975
60 510 260 310 0.176867 0.228412
60 550 280 330 0.158543 0.160395
60 570 290 340 0.168805 0.563008
60 590 300 350 0.147937 0.418994
60 610 310 360 0.122742 0.55712
60 630 320 370 0.115574 0.0828014
60 650 330 380 0.086535 0.167101
60 620 310 370 0.139422 0.408495
60 660 330 390 0.0924334 0.733812
60 680 340 400 0.0782439 1.68458
60 700 350 410 0.0698414 0.723828
70 100 80 90 8.97069 0.092372
70 140 100 110 0.662431 0.422533
70 160 110 120 0.350073 1.06609
70 180 120 130 0.244557 0.788328
70 200 130 140 0.190632 3.39261
70 170 110 130 0.602829 0.128358
70 210 130 150 0.328925 0.0856112
70 230 140 160 0.27917 0.059266
70 250 150 170 0.251962 1.04087
70 270 160 180 0.230627 0.978016
70 290 170 190 0.200035 0.166778
70 310 180 200 0.184312 0.0331376
70 300 170 200 0.27306 0.284072
70 340 190 220 0.227263 0.0648812
70 360 200 230 0.192533 0.426023
70 380 210 240 0.172033 0.465018
70 400 220 250 0.170382 0.449027
70 420 230 260 0.148585 2.0422
70 440 240 270 0.133134 0.356577
70 410 220 260 0.199972 0.31585
70 450 240 280 0.162587 4.90622
70 470 250 290 0.147367 13.8936
70 490 260 300 0.140551 2.09686
70 510 270 310 0.137132 1.02704
70 530 280 320 0.14563 1.093
70 550 290 330 0.135298 0.382268
70 520 270 320 0.178854 0.482105
70 560 290 340 0.158243 0.994015
70 580 300 350 0.163491 0.956101
70 600 310 360 0.14467 0.716153
70 620 320 370 0.120138 0.169337
70 640 330 380 0.115485 0.275845
70 630 320 380 0.139101 0.688412
70 690 350 410 0.0782439 9.41537
70 710 360 420 0.0698414 0.782871
80 110 90 100 11.6825 0
80 130 100 110 1.64014 0.606515
80 150 110 120 0.618129 0.531338
80 170 120 130 0.360302 1.02742
80 190 130 140 0.25011 0.995203
80 210 140 150 0.190984 2.03073
80 180 120 140 0.614404 0.0292343
80 220 140 160 0.33701 0.229614
80 240 150 170 0.294683 0.105862
80 260 160 180 0.259214 1.49443
80 280 170 190 0.236375 0.529703
80 300 180 200 0.199361 0.82546
80 320 190 210 0.184436 0
80 310 180 210 0.279275 0.118895
80 350 200 230 0.229679 0.0785163
80 370 210 240 0.193854 0.0818162
80 390 220 250 0.172394 0.136685
80 410 230 260 0.171002 0.0628073
80 430 240 270 0.148879 0.0839057
80 450 250 280 0.134337 0.25188
80 420 230 270 0.203601 0.0814731
80 460 250 290 0.164507 0.0981871
80 480 260 300 0.148383 0.21888
80 500 270 310 0.143279 0.162095
80 520 280 320 0.13903 0.213881
80 540 290 330 0.14563 0.0478009
80 560 300 340 0.133713 0.0262607
80 530 280 330 0.180594 0.0271218
80 570 300 350 0.154856 0.0504239
80 590 310 360 0.160883 0.405306
80 610 320 370 0.142684 0.415338
80 630 330 380 0.118626 0.40732
80 650 340 390 0.115574 0.24861
80 670 350 400 0.086535 0
80 640 330 390 0.139101 0.19751
80 680 350 410 0.0924334 0.0350983
80 700 360 420 0.0782439 0.047805
90 120 100 110 8.72248 0.0316669
90 140 110 120 1.53866 12.4049
90 160 120 130 0.666646 0.383952
90 180 130 140 0.372116 2.47452
90 200 140 150 0.250435 0.948225
90 220 150 160 0.197617 3.33562
90 190 130 150 0.627038 0.0469992
90 230 150 170 0.348954 0.0343053
90 250 160 180 0.303602 0.210391
90 270 170 190 0.263341 1.85794
90 290 180 200 0.237328 0.199753
90 310 190 210 0.205739 0.664451
90 330 200 220 0.184561 0.844777
90 320 190 220 0.28519 0.581949
90 360 210 240 0.231558 0.100525
90 380 220 250 0.195381 0.104153
90 400 230 260 0.174092 0.90664
90 420 240 270 0.171966 0.168578
90 440 250 280 0.148879 3.82975
90 460 260 290 0.134891 1.24577
90 430 240 280 0.205835 3.18618
90 470 260 300 0.166216 4.2989
90 490 270 310 0.148891 1.11885
90 510 280 320 0.145715 0.87092
90 530 290 330 0.140217 0.439092
90 550 300 340 0.144775 0.272777
90 570 310 350 0.131197 0.654594
90 540 290 340 0.182043 0.487477
90 580 310 360 0.154556 0.843799
90 600 320 370 0.157186 0.33045
90 620 330 380 0.140351 0.680616
90 640 340 390 0.118392 0.253231
90 660 350 400 0.115581 0.464891
90 680 360 410 0.086535 0.685253
90 650 340 400 0.139422 1.11423
90 690 360 420 0.0924334 0.858673
90 710 370 430 0.0782439 0.17806
100 130 110 120 9.66212 0.0285873
100 150 120 130 1.53866 11.1255
100 170 130 140 0.731143 0.621121
100 190 140 150 0.388436 2.16046
100 210 150 160 0.250435 0.898122
100 230 160 170 0.208156 3.23748
100 200 140 160 0.653655 0.126241
100 240 160 180 0.36403 1.33581
100 260 170 190 0.311771 0.395061
100 280 180 200 0.271564 2.74415
100 300 190 210 0.237362 0.0734761
100 340 210 230 0.184686 1.0075
100 330 200 230 0.291104 0.709185
100 370 220 250 0.234511 0.880461
100 390 230 260 0.194969 0.356135
100 410 240 270 0.175773 1.08021
100 480 270 310 0.167579 4.94472
100 500 280 320 0.148996 0.268924
100 520 290 330 0.148591 0.972611
100 540 300 340 0.140695 0.688433
100 560 310 350 0.142812 0.348743
100 580 320 360 0.129611 0.350299
100 550 300 350 0.1832 0.095723
100 590 320 370 0.152266 0.207668
100 610 330 380 0.15559 0.760677
100 630 340 390 0.141285 1.44084
100 650 350 400 0.118321 1.13113
100 670 360 410 0.11559 0.208411
100 690 370 420 0.086535 2.06627
100 660 350 410 0.139466 1.25291
100 700 370 430 0.0924334 0.884561
110 140 120 130 8.09023 0
110 160 130 140 1.86487 4.44758
110 180 140 150 0.758667 0.870651
110 200 150 160 0.412935 1.93023
110 220 160 170 0.262325 1.95554
110 240 170 180 0.221482 1.73407
110 210 150 170 0.671215 0.117542
110 250 170 190 0.375525 0.143804
110 270 180 200 0.314542 0.247416
110 290 190 210 0.276558 3.09366
110 310 200 220 0.237396 0.919494
110 330 210 230 0.209446 0.428132
110 350 220 240 0.187182 0.515261
110 340 210 240 0.297019 0.33794
110 380 230 260 0.235632 0.0596015
110 400 240 270 0.194143 0.0463863
110 420 250 280 0.176115 1.16046
110 440 260 290 0.173079 0.460166
110 460 270 300 0.148656 1.49441
110 480 280 310 0.134666 0.280998
110 450 260 300 0.210091 1.01688
110 490 280 320 0.169201 0.0599273
110 510 290 330 0.150591 0.457213
110 530 300 340 0.150927 0.564167
110 550 310 350 0.140456 0.419359
110 570 320 360 0.140366 0.027579
110 590 330 370 0.128956 0.754019
110 560 310 360 0.181941 0.315825
110 600 330 380 0.154224 0.425884
110 620 340 390 0.157186 1.13575
110 640 350 400 0.143271 0.714747
110 660 360 410 0.11829 0.922395
110 680 370 420 0.1156 0.480093
110 700 380 430 0.086535 0.258846
110 670 360 420 0.139519 0.365086
110 710 380 440 0.0924334 0.771924
120 150 130 140 10.1504 0.0272121
120 170 140 150 2.14979 3.4136
120 190 150 160 0.765208 0.771287
120 210 160 170 0.439129 3.03216
120 230 170 180 0.282666 1.86094
120 250 180 190 0.236598 1.01881
120 220 160 180 0.714341 0.584325
120 260 180 200 0.386756 0.198975
120 280 190 210 0.313293 0.307122
120 300 200 220 0.276558 2.73172
120 320 210 230 0.237431 0.330143
120 340 220 240 0.209571 2.17182
120 360 230 250 0.190837 0.147255
120 350 220 250 0.29965 0.271866
120 390 240 270 0.236811 0.15636
120 410 250 280 0.196289 0.188785
120 430 260 290 0.173192 0.300403
120 450 270 300 0.172735 0.594033
120 470 280 310 0.147843 0.386577
120 490 290 320 0.134703 0.284593
120 460 270 310 0.21057 0.202853
120 500 290 330 0.171072 0.260238
120 520 300 340 0.150591 0.77723
120 540 310 350 0.152724 0.400944
120 560 320 360 0.13787 0.177125
120 580 330 370 0.138403 0.517741
120 600 340 380 0.12887 0.405634
120 570 320 370 0.181941 0.209316
120 610 340 390 0.156292 0.608253
120 630 350 400 0.160883 0.577536
120 650 360 410 0.146773 0.855252
120 670 370 420 0.118254 0.284616
120 690 380 430 0.115613 0.468993
120 710 390 440 0.086535 0.33071
120 680 370 430 0.139582 0.181335
130 160 140 150 9.83975 0.0687601
130 180 150 160 2.14979 6.48257
130 200 160 170 0.891513 0.452333
130 220 170 180 0.466895 4.43196
130 240 180 190 0.308046 0.319284
130 260 190 200 0.250489 0.985824
130 230 170 190 0.760375 0.141652
130 270 190 210 0.390322 0.0613208
130 290 200 220 0.314612 0.880793
130 310 210 230 0.274703 1.53808
130 330 220 240 0.237465 0.313918
130 350 230 250 0.207629 0.589157
130 370 240 260 0.194493 0
130 360 230 260 0.300639 0
130 400 250 280 0.238794 0
130 420 260 290 0.196289 0.148935
130 440 270 300 0.170009 0.470035
130 460 280 310 0.172392 0.0280465
130 480 290 320 0.147326 0.100866
130 500 300 330 0.134777 0.102338
130 470 280 320 0.211049 0.0522441
130 510 300 340 0.172843 0.449695
130 530 310 350 0.14982 0.174144
130 550 320 360 0.154027 0.365157
130 570 330 370 0.136577 0.0697874
130 590 340 380 0.137077 0.323975
130 610 350 390 0.12887 0.224648
130 580 330 380 0.182591 0.21942
130 620 350 400 0.15825 0.417221
130 640 360 410 0.163533 0.469854
130 660 370 420 0.148513 1.04289
130 680 380 430 0.11821 0.53602
130 700 390 440 0.115629 0.0831329
130 690 380 440 0.13966 0.120804
140 170 150 160 11.8476 0.127696
140 190 160 170 2.21151 5.77792
140 210 170 180 0.891512 1.33374
140 230 180 190 0.507515 0.974221
140 250 190 200 0.321536 0.0457797
140 270 200 210 0.261592 1.63799
140 240 180 200 0.810685 0.218399
140 280 200 220 0.390322 0.90284
140 300 210 230 0.317152 0.326127
140 320 220 240 0.272849 1.24967
140 340 230 250 0.237465 0.470644
140 360 240 260 0.202608 0.716789
140 380 250 270 0.198149 0.103197
140 370 240 270 0.301629 0.14158
140 410 260 290 0.240776 0.136369
140 430 270 300 0.194143 0.391552
140 450 280 310 0.167087 0.197004
140 470 290 320 0.171805 0.0254497
140 490 300 330 0.147607 0.268788
140 510 310 340 0.135382 0.935165
140 480 290 330 0.210025 0.247073
140 520 310 350 0.174613 0.266476
140 540 320 360 0.149715 0.0504493
140 560 330 370 0.154597 0.233592
140 580 340 380 0.136577 0.150435
140 600 350 390 0.136826 0.131421
140 620 360 400 0.12887 0.0562076
140 590 340 390 0.185249 0.352289
140 630 360 410 0.158139 0.115113
140 650 370 420 0.165657 0.818215
140 670 380 430 0.15057 0.0949585
140 690 390 440 0.118156 0.197591
140 710 400 450 0.11565 0.330219
140 700 390 450 0.139756 0.0429934
150 180 160 170 10.2874 0.0465052
150 220 180 190 1.06319 0.728333
150 240 190 200 0.543577 0.838133
150 260 200 210 0.326575 0.237712
150 280 210 220 0.264624 2.78098
150 250 190 210 0.833694 0.0860117
150 290 210 230 0.390322 0.362026
150 310 220 240 0.319691 1.74904
150 330 230 250 0.266 2.56968
150 350 240 260 0.240216 0.408019
150 370 250 270 0.200219 0.833141
150 390 260 280 0.201804 0.188341
150 380 250 280 0.302619 0.205169
150 420 270 300 0.242758 0.250151
150 440 280 310 0.191997 0.0591526
150 460 290 320 0.167087 0.177681
150 480 300 330 0.170685 0.0341844
150 500 310 340 0.148396 0.155193
150 520 320 350 0.135469 0.232905
150 490 300 340 0.207945 0.357923
150 530 320 360 0.176257 0.109167
150 550 330 370 0.149715 0.0295833
150 570 340 380 0.155401 0.0427966
150 590 350 390 0.136233 0.286635
150 610 360 400 0.135499 0.505076
150 630 370 410 0.12887 0.341896
150 600 350 400 0.18641 0.0963715
150 640 370 420 0.160318 0.635762
150 660 380 430 0.168386 0.707261
150 680 390 440 0.153037 0.425749
150 700 400 450 0.118089 0.0462515
150 710 400 460 0.139881 0.117798
160 190 170 180 13.3746 0.266084
160 210 180 190 2.71141 4.64867
160 230 190 200 1.09427 0.64549
160 250 200 210 0.56895 1.57721
160 270 210 220 0.331432 0.243711
160 260 200 220 0.840546 0.195183
160 300 220 240 0.390322 12.1278
160 320 230 250 0.317124 0.0698273
160 340 240 260 0.271116 1.87826
160 360 250 270 0.242967 0.117087
160 380 260 280 0.201542 0.532736
160 400 270 290 0.203089 0.392563
160 390 260 290 0.308158 0.320657
160 430 280 310 0.244521 0.0244315
160 450 290 320 0.189851 0.178115
160 470 300 330 0.165767 0
160 490 310 340 0.169936 0.154492
160 510 320 350 0.148442 0.190334
160 530 330 360 0.135618 0.0459267
160 500 310 350 0.206955 0.0954147
160 540 330 370 0.177467 0.0589926
160 560 340 380 0.147491 0.0571328
160 580 350 390 0.153002 0.132723
160 600 360 400 0.134125 0.487499
160 620 370 410 0.134809 0.52985
160 640 380 420 0.128535 1.91649
160 610 360 410 0.186297 0.907572
160 650 380 430 0.160396 11.913
160 670 390 440 0.171526 0.416762
160 690 400 450 0.156053 0.0982591
160 710 410 460 0.118003 0.0455627
170 200 180 190 10.9866 0.120571
170 240 200 210 1.09427 0.379939
170 260 210 220 0.570514 1.35858
170 280 220 230 0.31388 7.73482
170 300 230 240 0.25581 2.6343
170 270 210 230 0.841282 0.256747
170 310 230 250 0.384012 0.150621
170 330 240 260 0.317124 0.336572
170 350 250 270 0.281228 1.4014
170 370 260 280 0.245719 0.564776
170 390 270 290 0.204856 0.512807
170 410 280 300 0.203089 0.0672015
170 400 270 300 0.312723 0.0492403
170 440 290 320 0.245966 0
170 460 300 330 0.189851 0.216726
170 480 310 340 0.164448 0.300625
170 500 320 350 0.169296 0.704052
170 520 330 360 0.147783 0.334197
170 540 340 370 0.135469 0
170 510 320 360 0.205966 0
170 550 340 380 0.178611 0.0945679
170 570 350 390 0.14502 0.349164
170 590 360 400 0.149332 0.647662
170 610 370 410 0.131433 1.10483
170 630 380 420 0.133533 8.60125
170 650 390 430 0.127865 0.0568488
170 620 370 420 0.184241 0.880226
170 660 390 440 0.157848 0.590282
170 680 400 450 0.175363 0.250297
170 700 410 460 0.159823 0.0792206
180 210 190 200 14.4686 0.0269982
180 250 210 220 1.04659 1.60964
180 270 220 230 0.559028 2.32249
180 290 230 240 0.296329 0.168634
180 310 240 250 0.251445 4.73161
180 280 220 240 0.842017 3.44468
180 320 240 260 0.376872 0.599336
180 340 250 270 0.32071 0.0381871
180 360 260 280 0.293194 4.84601
180 380 270 290 0.24847 1.46843
180 400 280 300 0.20817 0.384688
180 420 290 310 0.203089 1.35789
180 410 280 310 0.317272 0.660952
180 450 300 330 0.247728 0.175638
180 470 310 340 0.187283 0.299482
180 490 320 350 0.16285 0.488349
180 510 330 360 0.168655 0.0282895
180 530 340 370 0.146423 0.970049
180 550 350 380 0.132412 0.437488
180 520 330 370 0.204757 0.776759
180 560 350 390 0.17808 0.473451
180 580 360 400 0.141677 1.19876
180 600 370 410 0.144339 0.980355
180 620 380 420 0.128637 17.95
180 640 390 430 0.131672 0.0793623
180 660 400 440 0.126196 0.216267
180 670 400 450 0.158722 0.839962
180 690 410 460 0.178631 3.40705
180 710 420 470 0.16467 0.0281917
190 220 200 210 11.5925 0
190 260 220 230 0.946831 0.990791
190 280 230 240 0.547542 1.65931
190 300 240 250 0.285125 0.222024
190 320 250 260 0.24473 1.38216
190 290 230 250 0.842017 0.205024
190 330 250 270 0.370563 0.101296
190 350 260 280 0.333053 0.162906
190 370 270 290 0.303886 0.987395
190 390 280 300 0.251221 0.0343589
190 410 290 310 0.209512 0.0766638
190 430 300 320 0.202706 0.297435
190 420 290 320 0.31928 0.347672
190 460 310 340 0.249173 0.0561649
190 480 320 350 0.182014 0.0260233
190 500 330 360 0.162856 0.563876
190 520 340 370 0.164419 0.423113
190 540 350 380 0.145062 1.29842
190 560 360 390 0.129354 0.226975
190 530 340 380 0.203327 0.847116
190 570 360 400 0.173911 0.251868
190 590 370 410 0.138108 2.08791
190 630 390 430 0.125685 0.362328
190 650 400 440 0.128765 0.413027
190 670 410 450 0.126105 0.486752
190 640 390 440 0.178471 0.0544986
190 680 410 460 0.159886 1.01164
190 700 420 470 0.181086 0.08352
200 230 210 220 12.9421 0.0301826
200 250 220 230 2.58477 10.3073
200 270 230 240 1.04659 1.10906
200 290 240 250 0.534492 1.80018
200 310 250 260 0.319526 0.697538
200 330 260 270 0.243892 2.26569
200 300 240 260 0.847739 0.244819
200 340 260 280 0.402341 0.298333
200 360 270 290 0.346287 1.43075
200 380 280 300 0.314579 1.82113
200 400 290 310 0.251221 0.832783
200 420 300 320 0.211452 0.335935
200 440 310 330 0.202324 0.511686
200 430 300 330 0.321025 0.450705
200 470 320 350 0.240723 0.0272757
200 490 330 360 0.177139 0.185909
200 510 340 370 0.162577 2.17505
200 530 350 380 0.159886 2.2665
200 550 360 390 0.144162 1.07929
200 570 370 400 0.126297 0.386494
200 540 350 390 0.201432 0.476422
200 580 370 410 0.168462 1.27798
200 600 380 420 0.132876 7.77827
200 620 390 430 0.129522 0.245003
200 640 400 440 0.122577 0.963884
200 660 410 450 0.124813 0.0452443
200 680 420 460 0.126482 4.0071
200 650 400 450 0.174775 0.973647
200 690 420 470 0.161233 0.0337343
200 710 430 480 0.183431 0.137602
210 240 220 230 12.0392 0.148687
210 260 230 240 2.58477 11.9218
210 280 240 250 0.946831 0.621502
210 300 250 260 0.563392 3.41098
210 320 260 270 0.342328 0.628933
210 340 270 280 0.253087 4.1471
210 310 250 270 0.853461 0.137816
210 350 270 290 0.43795 0.0573138
210 370 280 300 0.355935 0.0552921
210 390 290 310 0.317171 2.52997
210 410 300 320 0.251221 0.633532
210 430 310 330 0.209794 0.911496
210 450 320 340 0.201855 4.25583
210 440 310 340 0.318221 0.137185
210 480 330 360 0.232201 0.0244951
210 500 340 370 0.172265 0.484072
210 520 350 380 0.160251 1.22241
210 540 360 390 0.153193 0.123165
210 560 370 400 0.143202 0.898235
210 580 380 410 0.122173 2.5903
210 550 360 400 0.199474 0.10293
210 610 390 430 0.128429 0.834434
210 630 400 440 0.121314 0.908732
210 650 410 450 0.119357 0.514598
210 670 420 460 0.123804 3.00426
210 690 430 470 0.126404 0.174886
210 660 410 460 0.170736 0.21027
210 700 430 480 0.162842 0.400281
220 250 230 240 10.4886 0.0263347
220 290 250 260 1.22973 2.94487
220 310 260 270 0.563486 2.96889
220 350 280 290 0.261694 4.36547
220 320 260 280 0.859183 2.1163
220 360 280 300 0.472728 0.36361
220 380 290 310 0.355935 1.60673
220 400 300 320 0.319762 2.2055
220 420 310 330 0.250513 1.92375
220 460 330 350 0.200002 0.296346
220 450 320 350 0.310614 0.0278881
220 490 340 370 0.223679 0.307556
220 510 350 380 0.167391 1.93243
220 530 360 390 0.156322 1.4447
220 550 370 400 0.146686 0.337958
220 570 380 410 0.140477 2.09591
220 590 390 420 0.117308 0.274662
220 560 370 410 0.197298 0.892691
220 600 390 430 0.155166 1.16725
220 620 400 440 0.123223 2.38293
220 640 410 450 0.112849 0.971579
220 660 420 460 0.116501 2.13296
220 680 430 470 0.122839 0.707969
220 700 440 480 0.125677 1.55655
220 670 420 470 0.170213 1.02667
220 710 440 490 0.160992 2.72302
230 260 240 250 15.2915 0.0884911
230 300 260 270 0.854989 0.327641
230 320 270 280 0.589242 0.998899
230 340 280 290 0.411152 0.35017
230 360 290 300 0.261694 0.675461
230 330 270 290 0.859183 0.358305
230 370 290 310 0.450352 0.0573204
230 390 300 320 0.356625 0.457702
230 410 310 330 0.318488 1.31813
230 430 320 340 0.246373 0.140026
230 450 330 350 0.195834 1.35524
230 470 340 360 0.186331 0.052549
230 460 330 360 0.293979 0.058924
230 500 350 380 0.214319 0.357037
230 520 360 390 0.162304 0.0622852
230 540 370 400 0.153679 0.214656
230 560 380 410 0.139809 0.133511
230 580 390 420 0.134986 0.380616
230 600 400 430 0.111579 0.502593
230 570 380 420 0.194715 0.376886
230 610 400 440 0.151454 0.444744
230 630 410 450 0.117911 0.630309
230 650 420 460 0.105507 0.554081
230 670 430 470 0.116664 0.101674
230 690 440 480 0.121332 0.379958
230 710 450 490 0.124264 0.169853
230 680 430 480 0.169419 0.0967947
240 270 250 260 9.24761 0.051734
240 310 270 280 1.19269 1.9522
240 330 280 290 0.586098 1.27992
240 350 290 300 0.403637 0.633652
240 370 300 310 0.261694 1.9751
240 340 280 300 0.878202 0.725305
240 380 300 320 0.450352 0.341285
240 400 310 330 0.378809 0.216257
240 420 320 340 0.314208 1.85651
240 440 330 350 0.236078 0.182756
240 460 340 360 0.183002 0.953492
240 480 350 370 0.173043 0.0704138
240 470 340 370 0.279567 0.0389176
240 510 360 390 0.204958 0.0470004
240 530 370 400 0.156474 0.040128
240 550 380 410 0.151035 0.956348
240 570 390 420 0.131803 0.0440274
240 590 400 430 0.129283 0.661063
240 610 410 440 0.105898 0.391359
240 580 390 430 0.188571 0.345458
240 620 410 450 0.141387 0.596885
240 640 420 460 0.112811 0.642437
240 660 430 470 0.104026 0.304756
240 680 440 480 0.115575 0.138813
240 700 450 490 0.119738 0.177559
240 690 440 490 0.169419 0.327155
250 280 260 270 16.78 0.0465584
250 320 280 290 0.854989 0.313126
250 340 290 300 0.61176 2.06779
250 360 300 310 0.383167 0.222478
250 380 310 320 0.264039 2.40288
250 350 290 310 0.897222 0.32743
250 390 310 330 0.450352 0.0444439
250 410 320 340 0.38293 0.140264
250 430 330 350 0.30552 0.678864
250 450 340 360 0.222313 0.280365
250 470 350 370 0.17743 0.0965457
250 490 360 380 0.170027 0.252955
250 480 350 380 0.265419 0.067691
250 520 370 400 0.193 0.0718223
250 540 380 410 0.153211 0.0554331
250 560 390 420 0.148703 0.0989584
250 580 400 430 0.123798 0.0435271
250 600 410 440 0.123817 0.635446
250 620 420 450 0.100645 0.456512
250 590 400 440 0.180206 0.196403
250 630 420 460 0.132511 0.366961
250 650 430 470 0.110692 0.630777
250 670 440 480 0.0999371 0.299432
250 690 450 490 0.112764 0.29578
250 710 460 500 0.117211 0.198319
250 700 450 500 0.164762 0.106972
260 290 270 280 10.7193 0.0631179
260 330 290 300 1.19269 2.79324
260 350 300 310 0.586902 0.796661
260 370 310 320 0.371281 0.520916
260 390 320 330 0.272646 2.70304
260 360 300 320 0.916242 0.218818
260 400 320 340 0.465821 0.870322
260 420 330 350 0.372917 0.372193
260 440 340 360 0.28791 1.97854
260 460 350 370 0.208548 0.583897
260 480 360 380 0.168601 1.09811
260 500 370 390 0.156826 0.0960953
260 490 360 390 0.251589 0.5353
260 530 380 410 0.181043 0.152648
260 550 390 420 0.150503 0.810233
260 570 400 430 0.146021 0.547546
260 590 410 440 0.118645 0.0610042
260 610 420 450 0.119193 0.627544
260 630 430 460 0.0961109 0.311951
260 600 410 450 0.173145 0.489807
260 640 430 470 0.13058 0.53478
260 660 440 480 0.109579 4.9812
260 680 450 490 0.0969373 0.404137
260 700 460 500 0.110806 0.320238
260 710 460 510 0.16086 0.52828
270 300 280 290 12.9105 0.0302564
270 340 300 310 0.94603 0.584679
270 360 310 320 0.562044 0.4225
270 380 320 330 0.360368 0.084023
270 400 330 340 0.257006 3.50712
270 370 310 330 0.876704 0.222355
270 410 330 350 0.440445 0.0683078
270 430 340 360 0.335234 1.18552
270 450 350 370 0.2703 1.46672
270 470 360 380 0.194073 1.18422
270 490 370 390 0.159552 0.739143
270 510 380 400 0.142943 0.428907
270 500 370 400 0.242242 0.250968
270 540 390 420 0.177535 0.328889
270 560 400 430 0.149547 0.201428
270 580 410 440 0.143623 1.11238
270 600 420 450 0.113592 0.550156
270 620 430 460 0.115442 1.0633
270 640 440 470 0.0940648 0.112744
270 610 420 460 0.166548 0.770067
270 670 450 490 0.10858 0.464962
270 690 460 500 0.0945925 0.937158
270 710 470 510 0.110129 0.705024
280 310 290 300 12.4884 0.0312791
280 350 310 320 1.10119 1.44057
280 370 320 330 0.531871 1.62123
280 390 330 340 0.339179 4.83921
280 410 340 350 0.22303 1.97194
280 380 320 340 0.831103 0.675434
280 420 340 360 0.394402 0.968133
280 440 350 370 0.305467 0.737355
280 460 360 380 0.252428 3.71232
280 480 370 390 0.182878 0.189101
280 500 380 400 0.154953 2.97737
280 520 390 410 0.14001 0.420013
280 510 380 410 0.236204 0.402334
280 550 400 430 0.174099 0.142858
280 570 410 440 0.148542 0.297974
280 590 420 450 0.143306 0.753708
280 610 430 460 0.112145 0.456983
280 630 440 470 0.11152 4.79811
280 650 450 480 0.0915983 4.76189
280 620 430 470 0.160186 0.547909
280 660 450 490 0.122315 2.11605
280 680 460 500 0.10758 1.88067
280 700 470 510 0.0932302 0.719095
290 320 300 310 11.7857 0.232007
290 340 310 320 2.6795 3.49689
290 360 320 330 0.94603 0.662158
290 380 330 340 0.519361 8.99152
290 400 340 350 0.31349 1.01
290 420 350 360 0.203269 2.23897
290 390 330 350 0.785503 0.248274
290 430 350 370 0.358265 0.542579
290 450 360 380 0.280831 1.65776
290 470 370 390 0.237827 1.37889
290 490 380 400 0.177838 0.384717
290 510 390 410 0.152253 0.798407
290 530 400 420 0.137076 0.156386
290 520 390 420 0.230484 0.216335
290 560 410 440 0.170342 0.106813
290 580 420 450 0.147537 0.415942
290 600 430 460 0.142989 0.769618
290 620 440 470 0.109251 4.69187
290 640 450 480 0.107191 4.31032
290 660 460 490 0.0881992 2.74925
290 630 440 480 0.153652 0.713986
290 670 460 500 0.119361 2.02814
290 690 470 510 0.106449 0.435532
290 710 480 520 0.0921767 0.322583
300 330 310 320 12.2295 0.0319412
300 370 330 340 1.06964 2.5397
300 390 340 350 0.493203 1.32313
300 410 350 360 0.292301 1.13138
300 430 360 370 0.199149 2.27571
300 400 340 360 0.777725 0.218588
300 440 360 380 0.335195 0.316759
300 460 370 390 0.262371 0.406438
300 480 380 400 0.226059 3.52337
300 500 390 410 0.176269 0.470868
300 520 400 420 0.149554 2.13037
300 540 410 430 0.12387 0.400267
300 530 400 430 0.224764 0.368072
300 570 420 450 0.167423 0.270073
300 590 430 460 0.146241 0.386752
300 610 440 470 0.140471 2.23698
300 630 450 480 0.106307 0.345079
300 650 460 490 0.102174 4.26675
300 670 470 500 0.0847522 2.05414
300 640 450 490 0.147322 1.41971
300 680 470 510 0.117612 0.96689
300 700 480 520 0.106079 0.719123
310 340 320 330 12.0729 0.0323556
310 380 340 350 0.846843 0.45763
310 400 350 360 0.476149 1.06838
310 420 360 370 0.280846 0.413421
310 440 370 380 0.201385 3.82724
310 410 350 370 0.764058 0
310 450 370 390 0.33086 0.261993
310 470 380 400 0.256502 0.0735777
310 490 390 410 0.216906 2.81156
310 510 400 420 0.172981 0.0989037
310 530 410 430 0.146745 1.17311
310 550 420 440 0.121806 0.759092
310 540 410 440 0.218725 0.379663
310 580 430 460 0.164024 0.168941
310 600 440 470 0.145432 2.70043
310 620 450 480 0.138643 0.680201
310 640 460 490 0.104439 0.667309
310 660 470 500 0.0982145 1.30072
310 680 480 510 0.0838354 0.352247
310 650 460 500 0.144351 0.515499
310 690 480 520 0.116492 0.306304
310 710 490 530 0.106925 0.118172
320 350 330 340 10.8005 0.0361672
320 370 340 350 2.49202 7.16968
320 390 350 360 0.959724 0.534708
320 410 360 370 0.459076 1.30127
320 430 370 380 0.271742 0.0294501
320 450 380 390 0.190161 0.532016
320 420 360 380 0.74799 0.0820795
320 460 380 400 0.326268 0.853707
320 480 390 410 0.255514 0.148773
320 500 400 420 0.207753 1.88962
320 520 410 430 0.171111 0.0545797
320 540 420 440 0.146147 0.0362853
320 560 430 450 0.121806 0.243234
320 550 420 450 0.215368 0.148535
320 590 440 470 0.161851 0.0911362
320 610 450 480 0.14488 0.080852
320 630 460 490 0.137135 0.25284
320 650 470 500 0.102488 0.186293
320 670 480 510 0.0959111 0.174403
320 690 490 520 0.0831598 0.0262911
320 660 470 510 0.142365 0.167832
320 700 490 530 0.116492 0.0463784
330 360 340 350 10.28 0.096878
330 400 360 370 0.846843 0.740347
330 420 370 380 0.455652 2.26316
330 440 380 390 0.253204 0.299655
330 460 390 400 0.178937 3.53477
330 430 370 390 0.72188 0.0944339
330 470 390 410 0.322604 0
330 490 400 420 0.252637 0.176216
330 510 410 430 0.205169 1.70939
330 530 420 440 0.169393 0.292003
330 550 430 450 0.145633 0.526218
330 570 440 460 0.122675 0.344285
330 560 430 460 0.21773 0.221425
330 600 450 480 0.159677 0.0908324
330 620 460 490 0.144831 0.0658514
330 640 470 500 0.135011 1.07109
330 660 480 510 0.102022 0.281949
330 680 490 520 0.094978 0.533018
330 700 500 530 0.082846 0.0510624
330 670 480 520 0.141961 0.233258
330 710 500 540 0.117263 0.268392
340 370 350 360 8.51085 0
340 410 370 380 0.959724 1.65908
340 430 380 390 0.432644 1.0397
340 450 390 400 0.246108 0.505321
340 470 400 410 0.17472 3.33311
340 440 380 400 0.698094 0.40918
340 480 400 420 0.318314 0.221522
340 500 410 430 0.246782 0.354389
340 520 420 440 0.203594 2.90743
340 540 430 450 0.167675 0.170126
340 560 440 460 0.147625 1.67882
340 580 450 470 0.129298 0.379074
340 570 440 470 0.220093 0.134857
340 610 460 490 0.159356 0.181278
340 630 470 500 0.144402 0.203994
340 650 480 510 0.132783 0.485684
340 670 490 520 0.101838 0.29476
340 690 500 530 0.0939985 0.864746
340 710 510 540 0.0817545 0.162449
340 680 490 530 0.141759 0.273856
350 380 360 370 9.71179 0.028441
350 420 380 390 0.877638 0.960854
350 440 390 400 0.416848 1.43577
350 460 400 410 0.236661 0.510899
350 480 410 420 0.172092 1.65583
350 450 390 410 0.66177 0.0859269
350 490 410 430 0.314281 0.180357
350 510 420 440 0.239297 0.0928706
350 530 430 450 0.203594 1.09901
350 550 440 460 0.164805 0.183393
350 570 450 470 0.148636 0.871403
350 590 460 480 0.13592 1.8976
350 580 450 480 0.226146 0.0620549
350 620 470 500 0.157182 0.0350495
350 640 480 510 0.144402 0.0850278
350 660 490 520 0.131658 0.488003
350 680 500 530 0.100259 0.211131
350 700 510 540 0.0929491 0.369885
350 690 500 540 0.141111 0.254984
360 390 370 380 9.10082 0
360 410 380 390 2.27797 7.07895
360 430 390 400 0.877638 0.35297
360 450 400 410 0.389644 1.65066
360 470 410 420 0.235315 0.312062
360 490 420 430 0.169464 1.46943
360 460 400 420 0.630417 0.211283
360 500 420 440 0.300181 0.0842924
360 520 430 450 0.233702 0.0695832
360 540 440 460 0.203594 1.42701
360 560 450 470 0.163652 0.519623
360 580 460 480 0.149648 0.798898
360 600 470 490 0.13592 0.13044
360 590 460 490 0.2322 0.13969
360 630 480 510 0.156256 0.123997
360 650 490 520 0.144954 0.456325
360 670 500 530 0.130269 0.0424789
360 690 510 540 0.100075 0
360 710 520 550 0.0911719 1.34005
360 700 510 550 0.140446 0.847264
370 400 380 390 8.88085 0.0311021
370 420 390 400 2.27797 16.4578
370 440 400 410 0.821205 0.835078
370 460 410 420 0.373964 2.50333
370 480 420 430 0.232742 0.432346
370 500 430 440 0.169464 3.61828
370 470 410 430 0.586682 0.137551
370 510 430 450 0.288639 0.215251
370 530 440 460 0.232073 0.0432496
370 550 450 470 0.203594 1.64432
370 570 460 480 0.163652 0.144794
370 590 470 490 0.148667 0.513193
370 610 480 500 0.141674 0.786179
370 600 470 500 0.2322 0.0559767
370 640 490 520 0.156256 0.258027
370 660 500 530 0.14656 1.57067
370 680 510 540 0.128819 0.555884
370 700 520 550 0.0998876 1.58076
370 710 520 560 0.139801 0.738324
380 410 390 400 9.60403 0.19717
380 450 410 420 0.700663 1.58588
380 470 420 430 0.349298 1.79487
380 490 430 440 0.221687 10.8323
380 510 440 450 0.169464 1.87803
380 480 420 440 0.533541 1.0627
380 520 440 460 0.277097 1.95812
380 540 450 470 0.232073 2.2947
380 560 460 480 0.199049 2.52831
380 580 470 490 0.163652 4.80513
380 600 480 500 0.148667 0.434528
380 620 490 510 0.147428 1.54021
380 610 480 510 0.235891 0.0443163
380 650 500 530 0.155755 0.51072
380 670 510 540 0.1471 1.18637
390 420 400 410 8.72955 0.0316412
390 460 420 430 0.624671 0.53472
390 480 430 440 0.323141 1.62913
390 500 440 450 0.20704 0.365409
390 520 450 460 0.169464 2.16015
390 490 430 450 0.48601 0.190587
390 530 450 470 0.277097 0.0311504
390 550 460 480 0.231932 3.01114
390 570 470 490 0.200605 2.21812
390 590 480 500 0.163953 1.08754
390 610 490 510 0.148668 0.904341
390 630 500 520 0.149424 1.25298
390 620 490 520 0.239582 0.047023
390 660 510 540 0.154247 0.28216
390 680 520 550 0.146061 0.80347
390 700 530 560 0.125941 0.589895
400 430 410 420 8.62635 0.202511
400 450 420 430 1.82019 13.4136
400 470 430 440 0.676519 0.576171
400 490 440 450 0.299935 1.86808
400 510 450 460 0.198558 0.161059
400 530 460 470 0.171606 2.78419
400 500 440 460 0.461664 0.514127
400 540 460 480 0.277097 0
400 560 470 490 0.231791 0.0908562
400 580 480 500 0.202162 2.37442
400 600 490 510 0.166254 0.421969
400 620 500 520 0.151959 1.9826
400 640 510 530 0.15142 1.5311
400 630 500 530 0.235895 1.11383
400 670 520 550 0.152031 0.865834
400 690 530 560 0.145979 0.201077
400 710 540 570 0.126443 0.351167
410 440 420 430 8.50181 0.0324888
410 480 440 450 0.580989 0.602244
410 500 450 460 0.285715 2.80513
410 520 460 470 0.193633 0.433633
410 540 470 480 0.173747 1.13971
410 510 450 470 0.460487 0.0819107
410 550 470 490 0.277097 0.430261
410 570 480 500 0.221163 0.219437
410 590 490 510 0.202923 3.37109
410 610 500 520 0.168555 1.585
410 630 510 530 0.155251 4.12515
410 650 520 540 0.157174 0.562786
410 640 510 540 0.232208 0.0741778
410 680 530 560 0.147255 0.258485
410 700 540 570 0.146397 0.218499
420 450 430 440 7.84001 0.0249123
420 470 440 450 1.62003 7.80122
420 490 450 460 0.560427 1.65583
420 510 460 470 0.283778 2.36174
420 530 470 480 0.198558 0.536363
420 550 480 490 0.175889 3.99646
420 520 460 480 0.460487 0.174276
420 560 480 500 0.273882 0.0349547
420 580 490 510 0.233517 0.289887
420 600 500 520 0.203667 3.80313
420 620 510 530 0.168855 0.763401
420 640 520 540 0.158542 0.547209
420 660 530 550 0.154963 0
420 650 520 550 0.23221 0.710897
420 690 540 570 0.146756 0.122204
420 710 550 580 0.146359 0.329911
430 460 440 450 7.40947 0.0527197
430 500 460 470 0.438504 0.783534
430 520 470 480 0.283778 1.13797
430 540 480 490 0.193633 0.379135
430 560 490 500 0.175107 2.35038
430 530 470 490 0.45931 0.152588
430 570 490 510 0.294528 0.158996
430 590 500 520 0.24334 1.90678
430 610 510 530 0.199939 6.00691
430 630 520 540 0.167359 0.391708
430 650 530 550 0.160574 0.502692
430 670 540 560 0.154963 0.0287021
430 660 530 560 0.228523 0.2629
430 700 550 580 0.144759 0.286086
440 470 450 460 6.88002 0
440 490 460 470 1.35909 15.8214
440 510 470 480 0.543107 1.56322
440 530 480 490 0.283162 2.21445
440 550 490 500 0.174542 0.0283325
440 570 500 510 0.180166 2.65928
440 540 480 500 0.458749 0.532158
440 580 500 520 0.300657 0.367272
440 600 510 530 0.24334 0.257159
440 620 520 540 0.187892 4.42167
440 640 530 550 0.165562 0.610422
440 660 540 560 0.162885 0.713193
440 680 550 570 0.152914 1.28166
440 670 540 570 0.226801 0.154345
440 710 560 590 0.140145 0.732985
450 480 460 470 7.6896 0
450 500 470 480 1.35909 18.4625
450 520 480 490 0.543107 0.301551
450 540 490 500 0.283162 2.43804
450 560 500 510 0.150526 0.804839
450 580 510 520 0.182304 6.47296
450 550 490 510 0.425448 0.837924
450 590 510 530 0.283092 1.38819
450 610 520 540 0.220499 0.0304886
450 630 530 550 0.1808 3.26061
450 650 540 560 0.16338 0.9122
450 670 550 570 0.163177 0.498431
450 690 560 580 0.157073 0.616878
450 680 550 580 0.230731 0.279113
460 490 470 480 6.40842 0
460 530 490 500 0.555266 1.32161
460 550 500 510 0.277727 1.62425
460 570 510 520 0.149547 0.773839
460 590 520 530 0.182244 7.49949
460 560 500 520 0.392146 0.763358
460 600 520 540 0.23875 0.167599
460 620 530 550 0.201528 0.495975
460 640 540 560 0.175304 3.38855
460 660 550 570 0.160966 1.68411
460 680 560 580 0.16376 0.816698
460 690 560 590 0.232696 5.06294
470 500 480 490 7.43027 0.0371741
470 540 500 510 0.555266 0.47077
470 560 510 520 0.272907 4.86248
470 580 520 530 0.158602 0.837156
470 600 530 540 0.165283 2.33651
470 570 510 530 0.345249 0.199356
470 610 530 550 0.208924 0.962245
470 630 540 560 0.202866 1.02262
470 670 560 580 0.15917 0.300802
470 690 570 590 0.164051 0.575184
470 710 580 600 0.166491 0.151812
470 700 570 600 0.234662 0.233521
480 510 490 500 5.71049 0.0342024
480 530 500 510 1.53494 9.70179
480 550 510 520 0.342873 4.40086
480 570 520 530 0.253323 3.69145
480 590 530 540 0.186964 2.27725
480 610 540 550 0.156773 3.57749
480 580 520 540 0.331091 0.22272
480 620 540 560 0.235833 0.101193
480 640 550 570 0.204204 1.06904
480 660 560 580 0.17652 3.01474
480 680 570 590 0.158611 1.20483
480 700 580 600 0.164622 0.688519
480 710 580 610 0.237937 0.239537
490 520 500 510 4.92633 0.0396467
490 560 520 530 0.342873 0.895379
490 580 530 540 0.260405 2.90651
490 600 540 550 0.187561 1.52709
490 590 530 550 0.319397 1.10341
490 630 550 570 0.265659 3.17733
490 650 560 580 0.204204 0.0732135
490 670 570 590 0.185533 2.25587
490 690 580 600 0.157493 0.415834
490 710 590 610 0.165108 0.561926
500 530 510 520 2.48294 0.0834333
500 570 530 540 0.523078 1.10437
500 590 540 550 0.256564 4.61457
500 630 560 570 0.162431 4.41646
500 600 540 560 0.321861 0.981594
500 640 560 580 0.272825 0.919551
500 660 570 590 0.203905 0.277966
500 680 580 600 0.18684 1.6989
500 700 590 610 0.15667 0.451754
510 540 520 530 3.85473 0.0253342
510 580 540 550 0.523078 1.15134
510 620 560 570 0.261184 0.529396
510 640 570 580 0.151559 3.16881
510 610 550 570 0.324325 2.77233
510 650 570 590 0.248249 0.628886
510 670 580 600 0.203605 1.40819
510 690 590 610 0.187202 1.33442
510 710 600 620 0.155682 0.384319
520 550 530 540 4.02304 0
520 590 550 560 0.467521 18.9979
520 610 560 570 0.316994 0.530708
520 630 570 580 0.230547 1.56756
520 650 580 590 0.136482 2.50827
520 620 560 580 0.325876 0.932261
520 660 580 600 0.223673 0.162469
520 680 590 610 0.202456 0.176894
520 700 600 620 0.185984 1.37272
530 560 540 550 5.66748 0.191876
530 620 570 580 0.318267 6.64628
530 640 580 590 0.208274 0.54179
530 660 590 600 0.126883 0.386159
530 630 570 590 0.327428 0.98787
530 670 590 610 0.221758 0.26962
530 690 600 620 0.200758 0.481895
530 710 610 630 0.188013 0.850485
540 570 550 560 4.06014 0.0962098
540 610 570 580 0.374066 8.11545
540 630 580 590 0.319973 1.69671
540 670 600 610 0.125416 1.75227
540 640 580 600 0.328979 1.05884
540 680 600 620 0.213309 0.273853
540 700 610 630 0.199908 0.192231
550 580 560 570 8.46108 0
550 620 580 590 0.257017 3.91083
550 660 600 610 0.152706 4.6159
550 690 610 630 0.196412 2.34777
550 710 620 640 0.199484 1.17668
560 590 570 580 4.00035 0.0488239
560 650 600 610 0.199901 1.38818
560 690 620 630 0.109172 4.0505
560 660 600 620 0.23596 2.69201
560 700 620 640 0.174411 0.571982
570 600 580 590 8.44452 0.182117
570 640 600 610 0.398414 1.31748
570 660 610 620 0.18377 13.066
570 680 620 630 0.0901178 0.269606
570 700 630 640 0.0993863 1.12779
570 670 610 630 0.230824 1.25394
570 710 630 650 0.16341 1.37466
580 610 590 600 5.68787 0.0343384
580 670 620 630 0.155272 1.25334
580 690 630 640 0.0901178 7.1549
580 710 640 650 0.0896004 9.87648
580 680 620 640 0.22559 1.61087
590 620 600 610 6.42179 0.0860238
590 660 620 630 0.289541 3.78888
600 630 610 620 6.89417 0
600 690 640 650 0.159035 3.30865
610 640 620 630 7.43932 0.0262541
610 680 640 650 0.230242 3.23314
610 710 650 670 0.169916 2.3102
620 650 630 640 8.19993 0.0336849
620 710 660 670 0.166405 0.625938
630 660 640 650 8.19669 0.0336982
630 700 660 670 0.292326 1.05811
640 670 650 660 9.015 0.0433305
640 710 670 680 0.292326 1.55203
650 680 660 670 7.17684 0.0272143
660 690 670 680 8.10192 0.773679
670 700 680 690 7.43123 0.148677
680 710 690 700 20.9483 4.16253
