!C:\2020\Myanmar\Data\Yoegoe\yoegoews10mcor__auto_rho20+ubc.dat
0 90 40 50 0.0347984 4.58071
0 110 50 60 0.0264638 1.23366
0 130 60 70 0.0239401 2.19239
0 100 40 60 0.0673385 0.160358
0 140 60 80 0.0450511 0.127724
0 160 70 90 0.0389883 0.539323
0 180 80 100 0.0333081 2.66376
0 200 90 110 0.0250381 0.435064
0 220 100 120 0.0234044 2.21504
0 240 110 130 0.0193668 0
0 210 90 120 0.0379889 0.792598
0 250 110 140 0.0297332 0.104882
0 270 120 150 0.0221204 0
0 290 130 160 0.0191887 0.451611
0 310 140 170 0.0170112 0.287378
0 330 150 180 0.0147326 0.13613
0 350 160 190 0.013708 0.0672306
0 320 140 180 0.0220409 0.180596
0 360 160 200 0.0182327 0.196002
0 400 180 220 0.0170365 3.49138
0 420 190 230 0.0163515 0.478117
0 440 200 240 0.0189961 0.222016
0 460 210 250 0.0195543 0.0299237
0 430 190 240 0.0207853 0.0749176
0 470 210 260 0.0220937 0.34694
0 490 220 270 0.020525 0.027347
0 510 230 280 0.0211027 0.848822
0 530 240 290 0.024277 0.812335
0 550 250 300 0.0239093 1.25207
0 570 260 310 0.0243555 0.150341
0 540 240 300 0.0275917 1.04952
0 580 260 320 0.0290182 0.593914
0 600 270 330 0.0262592 0.365137
0 620 280 340 0.0258515 0.341439
0 640 290 350 0.0268581 0
0 660 300 360 0.0345624 0.0722437
0 680 310 370 0.0320568 0.122649
0 650 290 360 0.0337516 0.26887
0 670 300 370 0.0375077 0.244033
0 690 310 380 0.0314532 0.1694
0 710 320 390 0.0569797 1.43188
10 100 50 60 0.0353489 4.77591
10 120 60 70 0.0280084 2.31905
10 140 70 80 0.0242143 5.37295
10 110 50 70 0.0678469 0.265896
10 150 70 90 0.0451488 0.212799
10 170 80 100 0.0389139 1.21879
10 190 90 110 0.0336753 1.1496
10 210 100 120 0.0250381 1.23671
10 230 110 130 0.0217557 0.842428
10 250 120 140 0.0183658 0.626323
10 220 100 130 0.0374827 0.2353
10 260 120 150 0.0288195 0.233487
10 280 130 160 0.0222632 0.081549
10 300 140 170 0.0199291 1.03518
10 320 150 180 0.0170112 0.485967
10 340 160 190 0.0152117 0.0683375
10 360 170 200 0.0137072 0.081866
10 330 150 190 0.0226826 0.313964
10 370 170 210 0.0183494 0.780242
10 390 180 220 0.018183 0.158319
10 410 190 230 0.0174039 0.0699549
10 430 200 240 0.0164843 0.0571463
10 450 210 250 0.0193135 0.30665
10 470 220 260 0.0196144 0.221066
10 440 200 250 0.0210896 0.147076
10 480 220 270 0.0225194 0.483434
10 500 230 280 0.0210475 0.6321
10 520 240 290 0.0214849 0.860275
10 540 250 300 0.0244004 1.26981
10 560 260 310 0.0239528 2.74045
10 580 270 320 0.0243585 0.128917
10 550 250 310 0.0276454 2.00232
10 590 270 330 0.0290182 0
10 610 280 340 0.0262592 0.108361
10 630 290 350 0.0258515 0.313627
10 650 300 360 0.0268581 0.319223
10 670 310 370 0.0345624 0.543249
10 690 320 380 0.0320568 0.539983
10 660 300 370 0.0337516 0.156443
10 680 310 380 0.0375077 0.30993
10 700 320 390 0.0314532 0.583162
20 110 60 70 0.0379561 3.42261
20 130 70 80 0.0300679 4.82742
20 150 80 90 0.0243804 4.00097
20 120 60 80 0.0685248 0.079093
20 160 80 100 0.0453442 0.133362
20 180 90 110 0.0387835 0.107875
20 200 100 120 0.0338822 1.64533
20 220 110 130 0.0249029 0.713038
20 240 120 140 0.021528 0.402447
20 260 130 150 0.0176915 0.750733
20 230 110 140 0.037109 0
20 270 130 160 0.0282749 0.549133
20 290 140 170 0.0230559 0.0244498
20 310 150 180 0.0199291 0.165255
20 330 160 190 0.017398 0.943831
20 350 170 200 0.015489 0
20 370 180 210 0.0137345 12.9049
20 340 160 200 0.0230077 0.108037
20 380 180 220 0.0185648 0.147752
20 400 190 230 0.0184542 0.376099
20 420 200 240 0.0177585 0.0934026
20 440 210 250 0.0166495 0.0898498
20 460 220 260 0.0196591 0.197075
20 480 230 270 0.0196787 0.398995
20 450 210 260 0.0214806 0.0649183
20 490 230 280 0.0228806 0.36521
20 510 240 290 0.0215706 0.824491
20 530 250 300 0.0218381 0.0276347
20 550 260 310 0.0244964 2.93772
20 570 270 320 0.0239865 0.0323671
20 590 280 330 0.0243608 0.566867
20 560 260 320 0.0276872 0.897145
20 600 280 340 0.0290182 0.197269
20 620 290 350 0.0262592 0.10089
20 640 300 360 0.0258515 0.271487
20 660 310 370 0.0268581 0.043024
20 680 320 380 0.0345624 0.136706
20 700 330 390 0.0320568 0.0785469
20 670 310 380 0.0337516 0.194702
20 690 320 390 0.0375077 0.24906
20 710 330 400 0.0314532 0.425353
30 100 60 70 0.0565763 2.89328
30 120 70 80 0.0401963 3.80533
30 140 80 90 0.031384 1.46985
30 160 90 100 0.0254774 3.99959
30 130 70 90 0.0683415 0.359187
30 170 90 110 0.0467958 0
30 190 100 120 0.0390443 0.23611
30 210 110 130 0.0338822 6.53587
30 230 120 140 0.0245418 0.290708
30 250 130 150 0.0203141 0.412282
30 270 140 160 0.0165785 0.305953
30 240 120 150 0.0372487 0.0314849
30 280 140 170 0.0272636 0
30 300 150 180 0.0238765 0.231484
30 320 160 190 0.0204487 0.524742
30 340 170 200 0.0175437 0.468924
30 360 180 210 0.0156626 2.16202
30 380 190 220 0.0139779 0.804822
30 350 170 210 0.0230447 4.6385
30 390 190 230 0.0187712 0.283313
30 410 200 240 0.0188407 0.518139
30 430 210 250 0.0181051 0
30 450 220 260 0.016835 0.200353
30 470 230 270 0.0200234 0.213071
30 490 240 280 0.0197456 0.393479
30 460 220 270 0.0219258 0.353413
30 500 240 290 0.0231987 0.214068
30 520 250 300 0.0221232 1.83399
30 540 260 310 0.0222772 1.10331
30 560 270 320 0.0245732 1.1951
30 580 280 330 0.0240136 1.20527
30 600 290 340 0.0243627 0.108643
30 570 270 330 0.0277207 0.356229
30 610 290 350 0.0290182 0.057379
30 630 300 360 0.0262592 0.272829
30 650 310 370 0.0258515 0.0725263
30 670 320 380 0.0268581 0.481497
30 690 330 390 0.0345624 0.14765
30 710 340 400 0.0320568 2.97468
30 680 320 390 0.0337516 0.0362419
30 700 330 400 0.0375077 0.0909672
40 70 50 60 0.334582 0.0576869
40 110 70 80 0.0644147 1.2001
40 130 80 90 0.0435886 5.61995
40 150 90 100 0.0319115 1.57413
40 170 100 110 0.0265065 0.852758
40 140 80 100 0.0699952 0.100667
40 180 100 120 0.0482197 0
40 200 110 130 0.0391309 1.06346
40 220 120 140 0.0333625 4.70863
40 240 130 150 0.024677 0.602123
40 260 140 160 0.0193243 0.684492
40 280 150 170 0.0165785 0.0274395
40 250 130 160 0.03677 0.161674
40 290 150 180 0.0264881 0.237674
40 310 160 190 0.0238765 0.525478
40 330 170 200 0.0210683 0.0463881
40 370 190 220 0.0161637 1.04244
40 390 200 230 0.0143654 0.87173
40 360 180 220 0.023362 1.84166
40 400 200 240 0.0189716 0.146092
40 420 210 250 0.0193253 0.0828422
40 440 220 260 0.018391 0.119383
40 460 230 270 0.0171267 0.0734099
40 480 240 280 0.0203305 1.23655
40 500 250 290 0.0198159 0.516709
40 470 230 280 0.0223408 0.0801379
40 510 250 300 0.0234558 2.40898
40 530 260 310 0.0226964 0.611486
40 550 270 320 0.0227766 0.365717
40 570 280 330 0.024636 0.0293211
40 590 290 340 0.0240357 0.0600968
40 610 300 350 0.0243642 0.101422
40 580 280 340 0.027748 0.0677425
40 620 300 360 0.0290182 0.335291
40 640 310 370 0.0262592 0
40 660 320 380 0.0258515 0.114256
40 680 330 390 0.0268581 0.103774
40 700 340 400 0.0345624 0.115384
40 690 330 400 0.0337516 0.131806
40 710 340 410 0.0375077 0.0846885
50 80 60 70 0.446221 0.0386879
50 120 80 90 0.0731412 1.9084
50 140 90 100 0.0455038 4.85921
50 160 100 110 0.0326026 2.30314
50 180 110 120 0.0273695 3.0049
50 150 90 110 0.0737763 0.0329776
50 190 110 130 0.0495362 0.232201
50 210 120 140 0.0392084 1.20464
50 230 130 150 0.0331245 3.36523
50 250 140 160 0.0253068 0.420407
50 270 150 170 0.0200859 0.789353
50 290 160 180 0.0170083 0.320819
50 260 140 170 0.0374364 0.172901
50 300 160 190 0.0261041 0.180241
50 320 170 200 0.0242247 0.176577
50 360 190 220 0.0184074 0.160236
50 380 200 230 0.0165722 1.0137
50 400 210 240 0.0148589 0.204657
50 370 190 230 0.0235805 0.409144
50 410 210 250 0.0195655 0.0397575
50 430 220 260 0.0198753 0.204754
50 450 230 270 0.0188403 0.376177
50 470 240 280 0.0177594 0.616992
50 490 250 290 0.020596 0.510913
50 510 260 300 0.0198885 4.70247
50 480 240 290 0.0229932 0.859837
50 520 260 310 0.0236682 2.45952
50 540 270 320 0.0231674 0.0497382
50 560 280 330 0.0231852 0.385709
50 580 290 340 0.0246883 0.0990584
50 600 300 350 0.0240541 0.188716
50 620 310 360 0.0243655 0.326094
50 590 290 350 0.0277708 0.494955
50 630 310 370 0.0290182 0.116138
50 650 320 380 0.0262592 0.109313
50 670 330 390 0.0258515 0.166968
50 690 340 400 0.0268581 0.0674998
50 710 350 410 0.0345624 0.496355
50 700 340 410 0.0337516 0.0791695
60 90 70 80 0.470754 0.11303
60 130 90 100 0.0731412 5.93067
60 150 100 110 0.0474257 3.27596
60 170 110 120 0.0342655 0.803962
60 190 120 130 0.0269872 7.12895
60 160 100 120 0.0785708 0.0961966
60 200 120 140 0.0495362 0.102245
60 220 130 150 0.0376058 1.2458
60 240 140 160 0.0328999 1.34261
60 260 150 170 0.0260717 0.840821
60 280 160 180 0.0219074 2.00837
60 300 170 190 0.0178679 3.38765
60 270 150 180 0.0375063 0.0297127
60 310 170 200 0.0261114 0.951648
60 330 180 210 0.0242646 13.3473
60 350 190 220 0.0211473 4.59651
60 370 200 230 0.0187023 1.71743
60 390 210 240 0.0167404 0.190565
60 410 220 250 0.0154175 0.0247083
60 380 200 240 0.0239602 0.14146
60 420 220 260 0.0202064 0.173556
60 440 230 270 0.0207962 0.0888923
60 460 240 280 0.0198672 0.155283
60 480 250 290 0.0184097 0.393694
60 500 260 300 0.0212116 5.25405
60 520 270 310 0.0200122 4.10089
60 490 250 300 0.0238018 1.32065
60 530 270 320 0.0243898 1.29949
60 550 280 330 0.0239318 0.545278
60 570 290 340 0.0240334 0.0279763
60 590 300 350 0.0247326 0.0439664
60 610 310 360 0.0240697 0.848615
60 630 320 370 0.0243666 0.0589413
60 600 300 360 0.0277901 0.385811
60 640 320 380 0.0290182 0.0428091
60 660 330 390 0.0262592 0.156819
60 680 340 400 0.0258515 0.0625865
60 700 350 410 0.0268581 0.633468
60 710 350 420 0.0337516 0.88061
70 100 80 90 0.571081 0.0427506
70 140 100 110 0.0786272 2.48525
70 160 110 120 0.0482984 2.44369
70 180 120 130 0.0356872 0.84642
70 200 130 140 0.0261242 1.96081
70 170 110 130 0.0922657 0.115158
70 210 130 150 0.0494965 0.200769
70 230 140 160 0.0361865 0.103246
70 250 150 170 0.0326888 2.67204
70 270 160 180 0.0262809 0.1943
70 290 170 190 0.0229673 2.0361
70 310 180 200 0.0188011 0.216118
70 280 160 190 0.037646 0.69098
70 320 180 210 0.0261151 0.424951
70 340 190 220 0.0245037 0.0727678
70 360 200 230 0.0211854 0.765582
70 380 210 240 0.0185618 0.0955527
70 400 220 250 0.0170758 0.134642
70 420 230 260 0.0159704 0.543515
70 390 210 250 0.0241362 0.159605
70 430 230 270 0.0210646 0.148243
70 450 240 280 0.0215946 0.700959
70 470 250 290 0.0208419 0.140937
70 490 260 300 0.0190737 0.959601
70 510 270 310 0.0218304 0.554145
70 530 280 320 0.0202801 1.75654
70 500 260 310 0.0245929 0.436816
70 540 280 330 0.024828 0.139931
70 560 290 340 0.0249683 0.238774
70 580 300 350 0.0247498 0.450387
70 600 310 360 0.0249648 0.0675259
70 620 320 370 0.0241564 0.583262
70 640 330 380 0.0243796 0.0317335
70 610 310 370 0.0278311 0.156865
70 650 330 390 0.0290182 0.0322574
70 670 340 400 0.0262592 0.0383581
70 690 350 410 0.0258515 0.0758251
70 710 360 420 0.0268581 0.101641
80 110 90 100 0.626125 0
80 150 110 120 0.0777547 1.04002
80 170 120 130 0.0572925 2.56338
80 190 130 140 0.0369453 0.59524
80 210 140 150 0.0247556 4.85489
80 180 120 140 0.103833 0.0702655
80 220 140 160 0.048965 0.156815
80 240 150 170 0.0361865 0.0618225
80 260 160 180 0.0324761 1.58992
80 280 170 190 0.0268512 0.0501235
80 300 180 200 0.0243303 2.79617
80 320 190 210 0.0203915 0.749292
80 290 170 200 0.037646 0.279484
80 330 190 220 0.0266463 0.239067
80 350 200 230 0.025006 0
80 370 210 240 0.02113 0.90014
80 390 220 250 0.0187817 0.492262
80 410 230 260 0.0177103 0.164142
80 430 240 270 0.0166242 0.419107
80 400 220 260 0.0243458 0.0823558
80 440 240 280 0.0219772 0.325407
80 460 250 290 0.0225936 0.147439
80 480 260 300 0.02164 0.396709
80 500 270 310 0.0197138 0.0583663
80 520 280 320 0.0224262 0.343223
80 540 290 330 0.0209459 0.113286
80 510 270 320 0.0253661 0.326584
80 550 290 340 0.0250191 0.208029
80 570 300 350 0.026009 0.142636
80 590 310 360 0.0253536 0.0781644
80 610 320 370 0.0251552 0.215287
80 630 330 380 0.0243575 0.281342
80 650 340 390 0.0243858 0.298321
80 620 320 380 0.0280148 0.0669247
80 660 340 400 0.0290182 0.825905
80 680 350 410 0.0262592 0.0313735
80 700 360 420 0.0258515 1.22467
90 120 100 110 0.500038 0
90 160 120 130 0.0786272 1.17254
90 180 130 140 0.06628 1.24664
90 200 140 150 0.03405 0.162274
90 220 150 160 0.02425 3.48652
90 190 130 150 0.11491 0.146464
90 230 150 170 0.0467221 0.0836725
90 250 160 180 0.0361865 0.0827271
90 270 170 190 0.0324761 3.38497
90 290 180 200 0.02679 0.189003
90 310 190 210 0.025641 1.48158
90 330 200 220 0.0213178 0.477223
90 300 180 210 0.037646 0.204771
90 340 200 230 0.0279328 0.172836
90 360 210 240 0.0250413 0.130637
90 380 220 250 0.0214339 0.0888677
90 400 230 260 0.0190158 0.313892
90 420 240 270 0.0186345 0.251032
90 440 250 280 0.0173392 0.447984
90 410 230 270 0.0246951 0.0902876
90 450 250 290 0.0229077 0.111246
90 470 260 300 0.023542 0.388811
90 490 270 310 0.0223779 0.229719
90 510 280 320 0.0203335 1.02419
90 530 290 330 0.0227545 1.46829
90 550 300 340 0.0218185 0.473445
90 520 280 330 0.0260705 0.0449841
90 560 300 350 0.0261058 0.213038
90 580 310 360 0.0269663 0.517031
90 600 320 370 0.0259479 0.0391864
90 620 330 380 0.0253139 0.21093
90 640 340 390 0.0245064 0.43363
90 660 350 400 0.0243864 0.0777935
90 630 330 390 0.0281349 0.251349
90 670 350 410 0.0290182 0.026308
90 690 360 420 0.0262592 0.177247
100 130 110 120 0.673452 0.0443996
100 170 130 140 0.126943 1.51741
100 190 140 150 0.0747975 0.860656
100 210 150 160 0.0304323 1.94046
100 230 160 170 0.0237445 4.15992
100 200 140 160 0.0978964 0.0291281
100 240 160 180 0.0444793 0.124266
100 260 170 190 0.0361439 0.167122
100 280 180 200 0.0318872 1.98239
100 300 190 210 0.02679 0.0743126
100 320 200 220 0.0266873 1.95015
100 340 210 230 0.0222442 0.529306
100 310 190 220 0.0387822 0.121711
100 350 210 240 0.0292193 0.699888
100 370 220 250 0.0248423 0.273237
100 390 230 260 0.0216675 0.35633
100 410 240 270 0.0197283 0.333426
100 430 250 280 0.0199562 0.348396
100 450 260 290 0.0180326 0.209498
100 420 240 280 0.0257348 0.195205
100 460 260 300 0.0237355 0.282833
100 480 270 310 0.0244087 1.57979
100 500 280 320 0.0230556 0.137147
100 520 290 330 0.0209561 0.328447
100 540 300 340 0.0228577 0.103763
100 560 310 350 0.0227732 0.156698
100 530 290 340 0.0267113 0
100 570 310 360 0.026944 0.399288
100 590 320 370 0.0278785 0.206925
100 610 330 380 0.0266125 0.132729
100 630 340 390 0.0254945 0.463309
100 650 350 400 0.0246484 0.0942778
100 670 360 410 0.024387 0
100 640 340 400 0.0282943 0.108529
100 680 360 420 0.0290182 0.516053
100 700 370 430 0.0262592 0.149193
110 140 120 130 0.559312 0
110 180 140 150 0.148978 0.870332
110 200 150 160 0.0690681 1.53828
110 220 160 170 0.0268146 2.21658
110 240 170 180 0.0231557 1.86108
110 210 150 170 0.0808831 0.307579
110 250 170 190 0.0420641 0.14776
110 270 180 200 0.0338066 0.472389
110 290 190 210 0.0318872 1.90023
110 310 200 220 0.0280079 0.28223
110 330 210 230 0.0274352 0.390757
110 350 220 240 0.0231705 0.593087
110 320 200 230 0.0411169 0.569611
110 360 220 250 0.0305057 0.2869
110 380 230 260 0.0254955 0.106136
110 400 240 270 0.0223719 0
110 420 250 280 0.0204091 0.311056
110 440 260 290 0.0209293 0.490745
110 460 270 300 0.0187043 0.162227
110 430 250 290 0.0271403 0.0947117
110 470 270 310 0.0244607 0.0915387
110 490 280 320 0.0251564 0.188464
110 510 290 330 0.023705 0.569218
110 530 300 340 0.0216196 0.0311758
110 550 310 350 0.0233617 0.111886
110 570 320 360 0.0237164 0.449488
110 540 300 350 0.0272526 0.0550394
110 580 320 370 0.0277722 0.679874
110 600 330 380 0.0287518 0.28512
110 620 340 390 0.0272689 0.314567
110 640 350 400 0.0257828 0
110 660 360 410 0.024681 0.125108
110 680 370 420 0.0243877 0.0695107
110 650 350 410 0.028493 0
110 690 370 430 0.0290182 0.143187
110 710 380 440 0.0262592 0.0797986
120 150 130 140 0.691055 0
120 190 150 160 0.148978 1.69639
120 210 160 170 0.0633387 6.04737
120 230 170 180 0.0260922 0.500246
120 250 180 190 0.0224875 2.68253
120 220 160 180 0.0638698 0.0931894
120 260 180 200 0.0407514 0.0712281
120 280 190 210 0.0337639 1.08303
120 300 200 220 0.032374 4.80241
120 320 210 230 0.0299167 2.26062
120 340 220 240 0.0281832 0.796452
120 360 230 250 0.0240968 0.0744005
120 330 210 240 0.0434515 0.383047
120 370 230 260 0.0319212 0.284871
120 390 240 270 0.0261651 0.0837716
120 410 250 280 0.0230072 0.341153
120 430 260 290 0.0211612 0.469105
120 450 270 300 0.0219024 0.657489
120 470 280 310 0.0191778 0.811221
120 440 260 300 0.0285459 0.177635
120 480 280 320 0.0255041 0.445379
120 500 290 330 0.0257707 0.394236
120 520 300 340 0.0242923 0.44159
120 540 310 350 0.0223238 0.285366
120 560 320 360 0.0239124 0.351262
120 580 330 370 0.0246484 0.389388
120 550 310 360 0.0277529 0.267169
120 590 330 380 0.0285685 0.29501
120 610 340 390 0.0295886 0.238371
120 630 350 400 0.0279133 0.403126
120 650 360 410 0.0261721 0.0294026
120 670 370 420 0.0247196 0.210914
120 690 380 430 0.0243886 0.331187
120 660 360 420 0.0285323 0.0990845
120 700 380 440 0.0290182 0.529895
130 160 140 150 0.693784 0.0786866
130 200 160 170 0.0909082 2.47438
130 220 170 180 0.0576093 5.96249
130 240 180 190 0.0260922 1.19635
130 260 190 200 0.0218194 4.44763
130 230 170 190 0.080916 0.241282
130 270 190 210 0.0400475 0.250294
130 290 200 220 0.0337639 2.07407
130 310 210 230 0.0338585 8.91398
130 330 220 240 0.0314961 3.01024
130 350 230 250 0.0289311 1.30844
130 370 240 260 0.0242924 0.253182
130 340 220 250 0.0457861 0.0932752
130 380 240 270 0.0328054 0.393638
130 400 250 280 0.0268184 0.0676316
130 420 260 290 0.0236361 0.789115
130 440 270 300 0.021842 0.723214
130 460 280 310 0.0228265 1.65064
130 480 290 320 0.0198702 0.0294164
130 450 270 310 0.0295138 1.20686
130 490 290 330 0.0265238 0.0543357
130 510 300 340 0.0263334 0.495311
130 530 310 350 0.0250421 0.648198
130 550 320 360 0.0229388 0.655183
130 570 330 370 0.0244704 0.439944
130 590 340 380 0.0255882 1.11263
130 560 320 370 0.0285791 0.570786
130 600 340 390 0.0293472 0.373878
130 620 350 400 0.0303554 0.433789
130 640 360 410 0.0285327 1.21881
130 660 370 420 0.0262478 0.273633
130 680 380 430 0.0247659 0.601312
130 700 390 440 0.0243898 0.380988
130 670 370 430 0.0285787 0.295152
130 710 390 450 0.0290182 0.122435
140 170 150 160 0.633782 0.0272386
140 210 170 180 0.0909082 4.30954
140 230 180 190 0.0576093 2.09144
140 250 190 200 0.0260922 0.720927
140 270 200 210 0.0224082 4.25545
140 240 180 200 0.0979622 0.0265351
140 280 200 220 0.0422076 0.0604043
140 300 210 230 0.0356427 6.27294
140 320 220 240 0.035343 4.45205
140 340 230 250 0.0330754 0.0498941
140 360 240 260 0.0296565 2.72884
140 380 250 270 0.0240968 0.103481
140 350 230 260 0.0474543 0.0504661
140 390 250 280 0.0329343 0.480984
140 410 260 290 0.0272524 0.0559612
140 430 270 300 0.0241489 0.709073
140 450 280 310 0.0224266 0.868501
140 470 290 320 0.0237808 1.25067
140 490 300 330 0.020473 0.137929
140 460 280 320 0.0304089 0.0484015
140 500 300 340 0.0272961 0
140 520 310 350 0.0267737 0.400795
140 540 320 360 0.0258192 0.054558
140 560 330 370 0.0234895 0.345637
140 580 340 380 0.0250356 0.799872
140 600 350 390 0.0265359 0.360125
140 570 330 380 0.0294077 0.17556
140 610 350 400 0.0303479 0.0661408
140 630 360 410 0.0310284 0.165613
140 650 370 420 0.029041 0.141759
140 670 380 430 0.0263372 0.303115
140 690 390 440 0.0248225 0.176925
140 710 400 450 0.0243912 1.40142
140 680 380 440 0.0286344 0.203394
150 180 160 170 0.539879 0.0452214
150 220 180 190 0.124113 1.34452
150 240 190 200 0.0576093 1.5678
150 260 200 210 0.0273486 0.859613
150 280 210 220 0.0232154 6.72793
150 250 190 210 0.115008 0.212711
150 290 210 230 0.0449764 0.0414129
150 310 220 240 0.036646 2.18493
150 330 230 250 0.0364188 4.59447
150 350 240 260 0.0339638 0.227217
150 370 250 270 0.0296733 2.59836
150 390 260 280 0.0239013 1.94695
150 360 240 270 0.0479862 0.514905
150 400 260 290 0.0329343 0.222839
150 420 270 300 0.0274034 0.286941
150 440 280 310 0.0242487 1.84097
150 460 290 320 0.022878 0.686926
150 480 300 330 0.0244075 1.22917
150 500 310 340 0.0210527 1.38779
150 470 290 330 0.031237 0.03009
150 510 310 350 0.0279144 0.413021
150 530 320 360 0.0271548 1.41475
150 550 330 370 0.0262663 0.528788
150 570 340 380 0.0239424 0.0305241
150 590 350 390 0.0256221 0.0286641
150 610 360 400 0.0275555 0.135983
150 580 340 390 0.0300784 0.74263
150 620 360 410 0.0315989 0.324639
150 640 370 420 0.0317116 0.055145
150 660 380 430 0.0294277 0.0590152
150 680 390 440 0.0264445 0.0283466
150 700 400 450 0.0248932 0.334134
150 690 390 450 0.0287025 0.235162
160 190 170 180 0.75454 0.0323562
160 230 190 200 0.198031 1.00638
160 250 200 210 0.0544858 1.6881
160 270 210 220 0.0286051 1.50111
160 290 220 230 0.0240225 4.52335
160 260 200 220 0.106183 0.0431637
160 300 220 240 0.0471364 0.156037
160 320 230 250 0.0392773 0.210593
160 340 240 260 0.0369056 1.07195
160 360 250 270 0.0336343 0.171961
160 380 260 280 0.0296733 0.843871
160 400 270 290 0.0236533 0.0500069
160 370 250 280 0.0479862 0.635965
160 410 270 300 0.0329343 0.0700305
160 430 280 310 0.0274234 0.070923
160 450 290 320 0.0243464 0.0739157
160 470 300 330 0.0235967 0.504138
160 490 310 340 0.0248168 0.0882402
160 510 320 350 0.0216797 0.620033
160 480 300 340 0.0320273 0.35379
160 520 320 360 0.0287897 0.15922
160 540 330 370 0.0274833 0.148589
160 560 340 380 0.0266728 0.0998588
160 580 350 390 0.0245343 0.386282
160 600 360 400 0.0262298 0.235788
160 620 370 410 0.0286469 0.0338165
160 590 350 400 0.0307696 0.0959464
160 630 370 420 0.0325921 0.266209
160 650 380 430 0.0322633 0.0317842
160 670 390 440 0.0296433 0.231917
160 690 400 450 0.0265757 0.210496
160 710 410 460 0.0249841 0.329405
160 700 400 460 0.0287876 0.0663118
170 200 180 190 1.45465 0
170 240 200 210 0.198031 0.627871
170 260 210 220 0.0513622 4.61401
170 280 220 230 0.0298615 2.41711
170 300 230 240 0.0233544 9.11157
170 270 210 230 0.097357 0.238693
170 310 230 250 0.0457748 0.264973
170 330 240 260 0.0409052 0.180507
170 350 250 270 0.0369056 1.61163
170 370 260 280 0.03302 0.46407
170 390 270 290 0.0292757 1.32058
170 410 280 300 0.0234054 1.09098
170 380 260 290 0.0473795 0.233874
170 420 280 310 0.0329343 0.0762537
170 440 290 320 0.0274398 0.219191
170 460 300 330 0.0243401 0.393433
170 480 310 340 0.0240779 1.68672
170 500 320 350 0.0251879 0.18036
170 520 330 360 0.022594 0.278337
170 490 310 350 0.0328168 0
170 530 330 370 0.029916 0.604494
170 550 340 380 0.0281832 0.0285875
170 570 350 390 0.0270794 0.198264
170 590 360 400 0.025303 0.501157
170 610 370 410 0.0268609 0.102493
170 630 380 420 0.0296513 0.244711
170 600 360 410 0.0314819 0.195722
170 640 380 430 0.0333101 0.517376
170 660 390 440 0.0329426 0.0631747
170 680 400 450 0.0299069 0.212579
170 700 410 460 0.0267396 0.533204
170 710 410 470 0.0288971 0.294426
180 210 190 200 1.82076 0.053635
180 250 210 220 0.112458 1.50087
180 270 220 230 0.0467678 3.0116
180 290 230 240 0.0298615 1.31075
180 310 240 250 0.0233544 3.66299
180 280 220 240 0.0828887 0.0245182
180 320 240 260 0.0444132 0.151198
180 340 250 270 0.0425332 0.165195
180 360 260 280 0.0369254 4.75694
180 380 270 290 0.0326609 0.0323966
180 400 280 300 0.0288781 1.09951
180 420 290 310 0.0231574 0.26787
180 390 270 300 0.0465945 0.10674
180 430 290 320 0.0330902 0.26317
180 450 300 330 0.0276147 0.553038
180 470 310 340 0.0242542 0.231956
180 490 320 350 0.0249536 0.253018
180 510 330 360 0.0261255 0.934579
180 530 340 370 0.0235303 0
180 500 320 360 0.03341 0.0934602
180 540 340 380 0.0311219 0.18492
180 560 350 390 0.0292261 0.233546
180 580 360 400 0.0275 0.282364
180 600 370 410 0.0260892 0.336743
180 620 380 420 0.0274892 0.0250549
180 640 390 430 0.0303918 0.0252406
180 610 370 420 0.0324974 0.197013
180 650 390 440 0.0343032 0.0341722
180 670 400 450 0.0332973 0.546133
180 690 410 460 0.03022 0.266457
180 710 420 470 0.0269504 0.914035
190 220 200 210 2.6319 0.0262371
190 260 220 230 0.112458 1.88966
190 280 230 240 0.0462914 3.49171
190 300 240 250 0.0298615 3.4893
190 320 250 260 0.0234368 2.92676
190 290 230 250 0.0772462 0
190 330 250 270 0.0432893 0.1099
190 350 260 280 0.0425332 0.419652
190 370 270 290 0.0364319 4.5955
190 390 280 300 0.0323019 0.25561
190 410 290 310 0.0284805 1.73748
190 430 300 320 0.0231049 0
190 400 280 310 0.0458095 0.325771
190 440 300 330 0.033246 0.189543
190 460 310 340 0.028045 0.0471286
190 480 320 350 0.0243401 1.4207
190 500 330 360 0.0258452 0.416186
190 520 340 370 0.0270693 0.615115
190 540 350 380 0.0247047 0.736296
190 510 330 370 0.0342557 0.779456
190 550 350 390 0.0324652 0.0500859
190 570 360 400 0.0302998 0.517587
190 590 370 410 0.0280262 0.179751
190 610 380 420 0.0268696 0.132048
190 630 390 430 0.02816 0.289036
190 650 400 440 0.0307884 0.0330762
190 620 380 430 0.0338111 0.0836131
190 660 400 450 0.0355353 0.0814431
190 680 410 460 0.0335596 0.105664
190 700 420 470 0.0306037 0.109798
200 230 210 220 2.57541 0.0268126
200 250 220 230 0.477343 6.1964
200 270 230 240 0.139052 0.634498
200 290 240 250 0.0462914 2.76189
200 310 250 260 0.0309648 1.72668
200 330 260 270 0.0243594 2.31392
200 300 240 260 0.0762424 0.121665
200 340 260 280 0.0435269 0.0708859
200 360 270 290 0.0425332 0.15842
200 380 280 300 0.036347 2.33687
200 400 290 310 0.0319428 0.0835796
200 420 300 320 0.0277459 0.954088
200 440 310 330 0.0230524 0.136458
200 410 290 320 0.0450245 0.100004
200 450 310 340 0.0335308 0.211465
200 470 320 350 0.028755 0.0884228
200 490 330 360 0.0249253 0.0676364
200 510 340 370 0.0267367 1.39834
200 530 350 380 0.0281122 0.742854
200 550 360 390 0.0258792 0.402911
200 520 340 380 0.0358018 0.11965
200 560 360 400 0.0338085 0.0843153
200 580 370 410 0.0313427 0.1087
200 600 380 420 0.0286144 0.0944461
200 620 390 430 0.0275824 0.105644
200 640 400 440 0.0288702 0.0972373
200 660 410 450 0.0310982 0.200474
200 630 390 440 0.0352004 0.464403
200 670 410 460 0.0357961 0.532182
200 690 420 470 0.0338152 0.160614
200 710 430 480 0.0309044 0.712138
210 240 220 230 3.30707 0.0723323
210 280 240 250 0.139052 2.15549
210 300 250 260 0.0487964 7.43632
210 320 260 270 0.0320133 2.63084
210 340 270 280 0.0244749 8.04512
210 310 250 270 0.0808811 0.156596
210 350 270 290 0.0437646 0.799786
210 370 280 300 0.0425332 6.82605
210 390 290 310 0.0362622 9.29452
210 410 300 320 0.0313862 1.88525
210 430 310 330 0.027028 1.36654
210 450 320 340 0.0230686 1.8825
210 420 300 330 0.0444177 0.327346
210 460 320 350 0.0341806 0.278131
210 480 330 360 0.0297012 0.432386
210 500 340 370 0.0260629 0.868917
210 520 350 380 0.0279185 1.3983
210 540 360 390 0.0294778 1.76026
210 560 370 400 0.0270536 1.12397
210 530 350 390 0.0376169 0.677229
210 570 370 410 0.03482 0.215752
210 590 380 420 0.0324063 0.320815
210 610 390 430 0.0292328 0.766196
210 630 400 440 0.0282274 0.34524
210 650 410 450 0.0298833 0.118291
210 670 420 460 0.0312326 0.175634
210 640 400 450 0.0366072 0.803446
210 680 420 470 0.0360724 0.603121
210 700 430 480 0.0340612 0.913697
220 250 230 240 3.41921 0
220 270 240 250 0.543283 7.74485
220 290 250 260 0.127304 1.10439
220 310 260 270 0.050307 4.70594
220 330 270 280 0.0330619 2.17673
220 350 280 290 0.0250941 3.24552
220 320 260 280 0.0855199 0.0773409
220 360 280 300 0.0437646 0.419398
220 380 290 310 0.0425332 2.38337
220 400 300 320 0.0361773 2.84142
220 420 310 330 0.0313118 1.23423
220 440 320 340 0.027028 0.99033
220 460 330 350 0.0237031 0.0712605
220 430 310 340 0.044716 0.309015
220 470 330 360 0.0347372 0.26987
220 490 340 370 0.0307406 0.713061
220 510 350 380 0.0272982 0.645854
220 530 360 390 0.0293894 2.37417
220 550 370 400 0.0308507 0.103396
220 570 380 410 0.0278309 0.353717
220 540 360 400 0.0394385 0.362436
220 580 380 420 0.0358154 0.0836177
220 600 390 430 0.0334623 0.208981
220 620 400 440 0.0297125 0.0467858
220 640 410 450 0.0291665 0.3498
220 660 420 460 0.0310311 0.15384
220 680 430 470 0.0313706 0.0993082
220 650 410 460 0.0379366 0.0712074
220 690 430 480 0.0363701 0.117592
220 710 440 490 0.0342814 0.376914
230 260 240 250 4.09787 0
230 280 250 260 0.548517 4.98893
230 300 260 270 0.127304 1.32607
230 320 270 280 0.0523929 4.60915
230 340 280 290 0.0342075 2.31904
230 360 290 300 0.0271405 6.65256
230 330 270 290 0.0884143 0.126165
230 370 290 310 0.0459757 0.085403
230 390 300 320 0.0419492 0.38241
230 410 310 330 0.0356639 2.56835
230 430 320 340 0.0313862 0.174603
230 450 330 350 0.0272146 2.52338
230 470 340 360 0.0243376 1.2638
230 440 320 350 0.0454756 0.181802
230 480 340 370 0.0351956 1.18144
230 500 350 380 0.0320805 0.0376852
230 520 360 390 0.0286308 0.216133
230 540 370 400 0.0307063 0.53062
230 560 380 410 0.0321876 0.0987986
230 580 390 420 0.0285808 0.476458
230 550 370 410 0.0413403 0.0940369
230 590 390 430 0.0367493 0.111205
230 610 400 440 0.0345817 0.302926
230 630 410 450 0.0306204 0.198197
230 650 420 460 0.0304302 0.0582706
230 670 430 470 0.0314066 0.129504
230 690 440 480 0.0315136 0.078814
230 660 420 470 0.0395121 0.060014
230 700 440 490 0.0367325 0.0605411
240 270 250 260 3.82624 0
240 290 260 270 0.53699 4.96492
240 310 270 280 0.131814 1.19776
240 330 280 290 0.0550887 5.24087
240 350 290 300 0.0380368 1.0306
240 370 300 310 0.0298398 3.28048
240 340 280 300 0.0956651 0.235843
240 380 300 320 0.0504929 0.191487
240 400 310 330 0.0432089 0.566296
240 420 320 340 0.0357412 1.69106
240 440 330 350 0.0314606 0.892811
240 460 340 360 0.0277645 1.12414
240 480 350 370 0.0250913 1.12332
240 450 330 360 0.0462352 0.146958
240 490 350 380 0.035654 0.094088
240 510 360 390 0.0335297 0.826448
240 530 370 400 0.0301467 1.42304
240 550 380 410 0.0318783 0.317316
240 570 390 420 0.0331895 0.0429658
240 590 400 430 0.0293492 0.242239
240 560 380 420 0.042748 0.0455782
240 600 400 440 0.0377744 0.0409777
240 620 410 450 0.0356673 0.171302
240 640 420 460 0.0319528 0.238195
240 660 430 470 0.0318724 0
240 680 440 480 0.0317612 0.0341243
240 700 450 490 0.0316632 1.27627
240 670 430 480 0.0411579 0.328899
240 710 450 500 0.0371922 0.83183
250 280 260 270 3.60444 0.0270933
250 300 270 280 0.542753 19.1982
250 320 280 290 0.131814 0.864409
250 340 290 300 0.0612361 2.69878
250 360 300 310 0.0461452 2.90259
250 380 310 320 0.0325039 2.14116
250 350 290 310 0.115719 0.0284487
250 390 310 330 0.0552739 0.0870932
250 410 320 340 0.0444686 0.212281
250 430 330 350 0.0361512 3.13375
250 450 340 360 0.0317511 0.328836
250 470 350 370 0.0287853 1.06098
250 490 360 380 0.0258449 0.112898
250 460 340 370 0.046729 0.127153
250 500 360 390 0.036684 0.0317607
250 520 370 400 0.0348204 0.0448381
250 540 380 410 0.0321066 0.171608
250 560 390 420 0.0324735 0.20029
250 580 400 430 0.033998 0.518833
250 600 410 440 0.0300459 0.203467
250 570 390 430 0.0441307 0.0525259
250 610 410 450 0.0385945 0.206083
250 630 420 460 0.0368078 0.280948
250 650 430 470 0.0332026 0.0268154
250 670 440 480 0.0323727 0.142594
250 690 450 490 0.0320869 0.582834
250 710 460 500 0.0318227 0.204167
250 680 440 490 0.0420588 0.0302933
260 290 270 280 3.73117 0.0261731
260 330 290 300 0.131814 0.897001
260 350 300 310 0.0785779 2.33505
260 370 310 320 0.0543344 1.73649
260 390 320 330 0.0337078 3.86598
260 360 300 320 0.146067 0.138955
260 400 320 340 0.0578437 0
260 420 330 350 0.0463124 0.517811
260 440 340 360 0.0374277 3.54058
260 460 350 370 0.0325568 0.0287659
260 480 360 380 0.0298061 4.55328
260 500 370 390 0.0266245 0.414557
260 470 350 380 0.0473104 0.157563
260 510 370 400 0.0374381 0.788886
260 530 380 410 0.0362546 0.0580167
260 550 390 420 0.0339807 0.074337
260 570 400 430 0.0336244 0.328651
260 590 410 440 0.0348003 0.184524
260 610 420 450 0.0303867 0.376712
260 580 400 440 0.045261 0.251914
260 620 420 460 0.0392152 0.0329618
260 640 430 470 0.0378744 0.458917
260 660 440 480 0.0344536 0.0775094
260 680 450 490 0.0327887 0.185967
260 700 460 500 0.0324499 0.528307
260 690 450 500 0.0431899 0.178058
270 300 280 290 3.03446 0
270 340 300 310 0.157609 0.608623
270 360 310 320 0.102522 4.73404
270 380 320 330 0.0598946 1.02196
270 400 330 340 0.0342587 1.13172
270 370 310 330 0.176787 0.0673333
270 410 330 350 0.0581075 0.0770729
270 430 340 360 0.0455958 0.269813
270 450 350 370 0.0387042 3.79493
270 470 360 380 0.0332922 0.145753
270 490 370 390 0.0306075 1.02158
270 510 380 400 0.0268782 0.500036
270 480 360 390 0.0476219 1.2034
270 520 380 410 0.0381563 0.102033
270 540 390 420 0.0374256 0.131271
270 560 400 430 0.0353618 0.110365
270 580 410 440 0.0347752 0.0854835
270 600 420 450 0.035525 0.35828
270 620 430 460 0.0308845 0.262362
270 590 410 450 0.0457377 0.0878353
270 630 430 470 0.039808 0.026322
270 650 440 480 0.0388955 0.0479884
270 670 450 490 0.0358545 0.637548
270 690 460 500 0.033317 0.0822226
270 710 470 510 0.0328688 0.249013
270 700 460 510 0.044193 0.0959809
280 310 290 300 3.39691 0.057497
280 330 300 310 0.607704 9.30475
280 350 310 320 0.218599 0.659551
280 370 320 330 0.126062 4.99567
280 390 330 340 0.0623977 1.52047
280 410 340 350 0.0342587 1.84612
280 380 320 340 0.194704 0.138849
280 420 340 360 0.0585362 0.112948
280 440 350 370 0.0448793 0.117707
280 460 360 380 0.0401567 1.57349
280 480 370 390 0.0342135 0.156984
280 500 380 400 0.0315341 0.873617
280 520 390 410 0.0271319 0.107148
280 490 370 400 0.0484844 0.202688
280 530 390 420 0.0390681 1.65224
280 550 400 430 0.0383603 0.131985
280 570 410 440 0.0362899 0.233297
280 590 420 450 0.0358593 0.198207
280 610 430 460 0.0357677 0.152388
280 630 440 470 0.0309043 0.330452
280 600 420 460 0.0460961 0.196569
280 640 440 480 0.0402651 0.0260549
280 660 450 490 0.0399488 0.630149
280 680 460 500 0.0365769 0.0268016
280 700 470 510 0.0340252 0.0816198
280 710 470 520 0.0449914 0.66427
290 320 300 310 2.8938 0
290 340 310 320 0.734344 4.41009
290 360 320 330 0.339028 1.47427
290 380 330 340 0.139294 1.21136
290 400 340 350 0.0630385 1.05823
290 420 350 360 0.034262 3.0985
290 390 330 350 0.199433 0
290 430 350 370 0.0589649 0.0483061
290 450 360 380 0.0441628 0.206021
290 470 370 390 0.0417097 4.10341
290 490 380 400 0.0351347 0.18668
290 510 390 410 0.0320972 2.96501
290 530 400 420 0.0274641 1.07694
290 500 380 410 0.0494521 0.391781
290 540 400 430 0.0403503 0.425357
290 560 410 440 0.0394384 0.0697248
290 580 420 450 0.037218 0.786234
290 600 430 460 0.0366543 0.0703701
290 620 440 470 0.0357892 0.217036
290 640 450 480 0.0311697 0.511927
290 610 430 470 0.0468178 0.139857
290 650 450 490 0.0407238 0.064648
290 670 460 500 0.0410344 0.316788
290 690 470 510 0.0373702 0.281791
300 330 310 320 3.54808 0.202257
300 350 320 330 0.844063 13.8732
300 370 330 340 0.392561 0.849807
300 390 340 350 0.147225 2.74877
300 410 350 360 0.0655307 1.99631
300 430 360 370 0.0342653 5.88679
300 400 340 360 0.199433 0.0967796
300 440 360 380 0.0606542 0.037606
300 460 370 390 0.0467263 0.30118
300 480 380 400 0.0429299 8.128
300 500 390 410 0.0367161 0.503791
300 520 400 420 0.0325615 1.51862
300 540 410 430 0.0277964 1.47469
300 510 390 420 0.0514286 0.397598
300 550 410 440 0.0410609 0.0994403
300 570 420 450 0.0399795 0.0752149
300 590 430 460 0.0385907 0.59345
300 610 440 470 0.0372669 0.662538
300 630 450 480 0.0359571 0.822239
300 650 460 490 0.0316806 0.652311
300 620 440 480 0.0472225 0.251036
300 660 460 500 0.0413613 0.0253446
300 680 470 510 0.0416312 0.0595122
300 700 480 520 0.0383679 1.72733
310 340 320 330 3.63429 0.0537415
310 360 330 340 1.01581 14.3259
310 380 340 350 0.392561 0.431998
310 400 350 360 0.152803 2.71894
310 420 360 370 0.0666044 1.34022
310 440 370 380 0.0346327 3.57761
310 410 350 370 0.202987 0.114599
310 450 370 390 0.0625953 0.0605791
310 470 380 400 0.0509292 0.299223
310 490 390 410 0.0437781 2.32235
310 510 400 420 0.0382707 0.639712
310 530 410 430 0.0330259 4.65946
310 550 420 440 0.0280865 0.225439
310 520 400 430 0.0553816 0.361844
310 560 420 450 0.0416825 0.144843
310 580 430 460 0.0406315 0.186624
310 600 440 470 0.0397015 0.0618605
310 620 450 480 0.0379408 0.343106
310 640 460 490 0.036293 0.269296
310 660 470 500 0.0323149 0.650306
310 630 450 490 0.047275 0.0937454
310 670 470 510 0.0417937 0.287639
310 690 480 520 0.0422519 0.75552
310 710 490 530 0.0396929 0.359226
320 350 330 340 3.81099 0
320 370 340 350 1.16823 9.07471
320 390 350 360 0.392561 0.606414
320 410 360 370 0.160718 3.75941
320 430 370 380 0.0684559 1.63014
320 450 380 390 0.0387395 4.86009
320 420 360 380 0.212908 0.0410845
320 460 380 400 0.0665151 0.074288
320 480 390 410 0.055132 1.43311
320 500 400 420 0.0449443 2.25531
320 520 410 430 0.0413275 0.292949
320 540 420 440 0.0333893 1.42146
320 560 430 450 0.0282788 1.10013
320 530 410 440 0.0593063 0.07612
320 570 430 460 0.0419337 0.482792
320 590 440 470 0.0415034 0.329234
320 610 450 480 0.0403619 0.149943
320 630 460 490 0.0385123 0.391067
320 650 470 500 0.0367362 0.0811401
320 670 480 510 0.0328257 2.00145
320 640 460 500 0.0476742 0.307116
320 680 480 520 0.0421791 0.629856
320 700 490 530 0.0429084 0.635493
330 360 340 350 4.78469 0.0499945
330 380 350 360 1.21391 4.9133
330 400 360 370 0.480604 0.849595
330 420 370 380 0.16587 2.55944
330 440 380 390 0.0709324 1.24862
330 460 390 400 0.0428464 1.47242
330 430 370 390 0.224531 0.112982
330 470 390 410 0.0724267 0
330 490 400 420 0.0587306 0.187763
330 510 410 430 0.0476502 2.3941
330 530 420 440 0.0441241 0.860063
330 550 430 450 0.0339819 1.42699
330 570 440 460 0.0284711 0.112257
330 540 420 450 0.0623968 0.417285
330 580 440 470 0.0423041 0.0698661
330 600 450 480 0.0424614 0.620687
330 620 460 490 0.0410223 0.171585
330 640 470 500 0.0387971 0.483833
330 660 480 510 0.0370721 0.0579226
330 680 490 520 0.0330923 1.47832
330 650 470 510 0.0484257 0.493997
330 690 490 530 0.0425117 0.517716
330 710 500 540 0.0436827 1.09482
340 370 350 360 4.43539 0.139251
340 390 360 370 1.37999 6.01035
340 410 370 380 0.480604 0.696054
340 430 380 390 0.174864 2.05427
340 450 390 400 0.0745616 1.29486
340 470 400 410 0.0466614 1.97213
340 440 380 400 0.237866 0
340 480 400 420 0.0779525 0.245347
340 500 410 430 0.0606899 0.0344445
340 520 420 440 0.0501784 2.05358
340 540 430 450 0.0469207 0.0906991
340 560 440 460 0.0363059 0.6782
340 580 450 470 0.0284658 0.275067
340 550 430 460 0.0653822 0.189187
340 590 450 480 0.0428318 0.110768
340 610 460 490 0.0438023 0.23548
340 630 470 500 0.0418474 0.260292
340 650 480 510 0.0393666 0.516654
340 670 490 520 0.0375495 0.40828
340 690 500 530 0.0334216 0.107647
340 660 480 520 0.0492597 0.303396
340 700 500 540 0.0427652 0.110395
350 380 360 370 5.29856 0.0368615
350 400 370 380 1.37999 1.33676
350 420 380 390 0.479882 0.719933
350 440 390 400 0.179583 1.2533
350 460 400 410 0.0824412 0.93964
350 480 410 420 0.0483285 5.46343
350 450 390 410 0.249805 0.0582492
350 490 410 430 0.0814997 0
350 510 420 440 0.0626492 0.651813
350 530 430 450 0.0527066 4.99546
350 550 440 460 0.0488411 0.0878588
350 570 450 470 0.0368467 1.86931
350 590 460 480 0.029231 0.883723
350 560 440 470 0.0670258 0.17478
350 600 460 490 0.0438554 0.149753
350 620 470 500 0.0451431 0.0885066
350 640 480 510 0.0428581 0.174671
350 660 490 520 0.039931 0.457382
350 680 500 530 0.0376714 0.0606073
350 700 510 540 0.0338448 1.19173
350 670 490 530 0.0500724 0.221373
350 710 510 550 0.042962 0.845345
360 390 370 380 4.8731 0.0981748
360 410 380 390 1.22845 10.0418
360 430 390 400 0.479882 0.557115
360 450 400 410 0.1794 3.18135
360 470 410 420 0.0878443 1.91893
360 490 420 430 0.051764 3.61489
360 460 400 420 0.255071 0.0993704
360 500 420 440 0.085307 0.102178
360 520 430 450 0.0626492 0.0856274
360 540 440 460 0.0547403 5.12867
360 560 450 470 0.0498385 0.526175
360 580 460 480 0.039119 2.77933
360 600 470 490 0.0308099 0.44806
360 570 450 480 0.0664271 0.300221
360 610 470 500 0.0448789 0.620864
360 630 480 510 0.0463816 0.494857
360 650 490 520 0.0436833 0.851911
360 670 500 530 0.0402771 0.729648
360 690 510 540 0.038062 1.0242
360 710 520 550 0.0340436 1.49853
360 680 500 540 0.0503314 0.592332
370 400 380 390 5.20585 0.0701896
370 420 390 400 1.22845 8.70075
370 440 400 410 0.399182 0.823894
370 460 410 420 0.1794 2.41432
370 480 420 430 0.0915785 4.0659
370 500 430 440 0.0564915 4.38839
370 470 410 430 0.260042 0.138051
370 510 430 450 0.0888197 0.271987
370 530 440 460 0.0645164 1.67441
370 550 450 470 0.0556743 4.05734
370 570 460 480 0.0482091 0.0888327
370 590 470 490 0.0414114 1.3165
370 610 480 500 0.0323941 0.222716
370 580 460 490 0.0658283 0.838162
370 620 480 510 0.0462728 0.862544
370 640 490 520 0.0479909 0.651099
370 660 500 530 0.0436833 0.627964
370 680 510 540 0.039956 1.85623
370 700 520 550 0.0383918 0.865093
370 690 510 550 0.0505938 0.458539
380 410 390 400 4.42837 0.0441048
380 430 400 410 1.18229 4.26827
380 450 410 420 0.399182 1.04376
380 470 420 430 0.179644 3.6507
380 490 430 440 0.0908659 0.879225
380 510 440 450 0.0596242 0.995196
380 480 420 440 0.255071 0.162854
380 520 440 460 0.09589 0.170195
380 540 450 470 0.0668046 0.506654
380 560 460 480 0.0544575 1.52144
380 580 470 490 0.0465796 0.215828
380 600 480 500 0.043163 2.17822
380 620 490 510 0.0351149 0.236977
380 590 470 500 0.0652295 0.338253
380 630 490 520 0.0472963 0.397297
380 650 500 530 0.0493872 0.541963
380 670 510 540 0.0434609 0.0288039
380 690 520 550 0.0400236 0.444562
380 700 520 560 0.0514543 0.1973
390 420 400 410 4.94027 0.0279553
390 440 410 420 1.1546 7.57002
390 460 420 430 0.385137 0.518245
390 480 430 440 0.178672 5.30058
390 500 440 450 0.0901534 0.606429
390 520 450 460 0.0609885 2.0928
390 490 430 450 0.260042 0.194745
390 530 450 470 0.10204 0.205906
390 550 460 480 0.0701199 1.51522
390 570 470 490 0.0532407 4.33663
390 590 480 500 0.0459476 1.34893
390 610 490 510 0.0434272 3.87981
390 630 500 520 0.0378358 0.25076
390 600 480 510 0.0646307 0.0798031
390 640 500 530 0.0509223 0.947039
390 660 510 540 0.0512385 0.171595
390 680 520 550 0.0438112 0.147792
390 700 530 560 0.0405169 2.45381
390 710 530 570 0.0521287 1.69909
400 430 410 420 5.3781 0.0444781
400 450 420 430 1.12391 13.5392
400 470 430 440 0.385137 0.58786
400 490 440 450 0.178917 2.60556
400 510 450 460 0.0901534 1.0948
400 530 460 470 0.0622613 8.86579
400 500 440 460 0.26993 0.0507352
400 540 460 480 0.108526 0.122085
400 560 470 490 0.0705411 0.0624989
400 580 480 500 0.052459 4.3626
400 600 490 510 0.0453156 0.0780969
400 620 500 520 0.045805 1.34533
400 640 510 530 0.0397862 1.17613
400 610 490 520 0.0646307 0.461737
400 650 510 540 0.0547093 0.067348
400 670 520 550 0.0533029 0.174321
400 690 530 560 0.0439423 0.106104
400 710 540 570 0.0407585 0.523331
410 440 420 430 4.72679 0.0292179
410 460 430 440 1.12391 5.56341
410 480 440 450 0.411514 1.05128
410 500 450 460 0.179207 2.21296
410 520 460 470 0.100576 1.43557
410 540 470 480 0.0654693 1.78194
410 510 450 470 0.286011 0.338438
410 550 470 490 0.111455 0.0944491
410 570 480 500 0.0705411 0.407124
410 590 490 510 0.0516774 2.82481
410 610 500 520 0.0453156 0.5421
410 630 510 530 0.045805 1.82626
410 650 520 540 0.0409881 0.0410177
410 620 500 530 0.066532 0.701951
410 660 520 550 0.0591529 0.0340134
410 680 530 560 0.0556989 0.228657
410 700 540 570 0.0438953 0.266094
420 450 430 440 5.3403 0.0258612
420 470 440 450 1.15245 8.9854
420 490 450 460 0.411514 0.40523
420 510 460 470 0.192219 4.81377
420 530 470 480 0.110999 3.33711
420 550 480 490 0.0699447 1.24232
420 520 460 480 0.298085 0.192218
420 560 480 500 0.11179 0.0602028
420 580 490 510 0.0696001 0.540042
420 600 500 520 0.0516774 2.57844
420 620 510 530 0.0485923 0.615338
420 640 520 540 0.0464312 1.33815
420 660 530 550 0.0422552 0.169459
420 630 510 540 0.0684333 0.326035
420 670 530 560 0.0637918 0.174361
420 690 540 570 0.0566553 0.306367
420 710 550 580 0.0435 0.765454
430 460 440 450 5.30945 0.052023
430 500 460 470 0.485201 0.540683
430 520 470 480 0.205153 1.83004
430 540 480 490 0.122029 0.829073
430 560 490 500 0.0731472 1.07171
430 530 470 490 0.307795 0.202524
430 570 490 510 0.115916 0.116873
430 590 500 520 0.0696861 0.341671
430 610 510 530 0.0554759 1.12051
430 630 520 540 0.0518818 0.106931
430 650 530 550 0.0474958 0.997272
430 670 540 560 0.0429979 0.205429
430 640 520 550 0.0761491 0.268354
430 680 540 570 0.0686259 0.0398161
430 700 550 580 0.0578065 0.127788
440 470 450 460 5.16857 0.0462813
440 490 460 470 1.16766 9.62212
440 510 470 480 0.485201 1.36647
440 530 480 490 0.217902 4.7904
440 550 490 500 0.122636 0.64471
440 570 500 510 0.078825 2.695
440 540 480 500 0.330216 0.0652957
440 580 500 520 0.120042 0.166835
440 600 510 530 0.0708934 2.18133
440 620 520 540 0.0592744 3.38994
440 640 530 550 0.0550198 0.998219
440 660 540 560 0.0487547 0.820623
440 680 550 570 0.0443527 0.180086
440 650 530 560 0.0841415 0.303222
440 690 550 580 0.070624 0.305885
440 710 560 590 0.0592985 1.07211
450 480 460 470 5.39203 0.0627391
450 520 480 490 0.565074 0.817478
450 540 490 500 0.240148 2.52706
450 560 500 510 0.122636 0.697131
450 580 510 520 0.083398 3.16033
450 550 490 510 0.356918 0.137664
450 590 510 530 0.125565 1.02275
450 610 520 540 0.072723 0.137786
450 630 530 550 0.0654298 2.7686
450 650 540 560 0.0616796 0.630551
450 670 550 570 0.0519251 1.36157
450 690 560 580 0.045993 0.0698688
450 660 540 570 0.0924836 0.482484
450 700 560 590 0.0715983 0.265604
460 490 470 480 6.3703 0
460 510 480 490 1.37796 7.25949
460 530 490 500 0.565074 0.91329
460 550 500 510 0.256535 2.32433
460 570 510 520 0.131574 2.44223
460 590 520 530 0.0896352 0.854998
460 560 500 520 0.391358 0.0574641
460 600 520 540 0.128982 0.11271
460 620 530 550 0.0870598 0.1694
460 640 540 560 0.0722264 0.856309
460 660 550 570 0.0694613 0.0370273
460 680 560 580 0.0580355 0.55712
460 700 570 590 0.0468948 0.289247
460 670 550 580 0.0992739 0.160044
460 710 570 600 0.0721277 1.84971
470 500 480 490 6.39716 0.0305311
470 520 490 500 1.37796 6.15641
470 540 500 510 0.574582 0.660738
470 560 510 520 0.297292 2.45433
470 580 520 530 0.150456 0.885509
470 600 530 540 0.0932627 3.82342
470 570 510 530 0.438976 0
470 610 530 550 0.140834 0.10087
470 630 540 560 0.100275 0.196991
470 650 550 570 0.0811325 0.924616
470 670 560 580 0.0760858 0.249082
470 690 570 590 0.0644555 1.44583
470 710 580 600 0.0482892 0.794206
470 680 560 590 0.109006 0.274206
480 510 490 500 6.27297 0.0539284
480 550 510 520 0.728917 0.437986
480 570 520 530 0.323372 2.40801
480 590 530 540 0.177242 5.12143
480 610 540 550 0.102837 1.87679
480 580 520 540 0.48135 0.0846927
480 620 540 560 0.15829 0.318568
480 640 550 570 0.117139 0.337746
480 660 560 580 0.0875259 3.81005
480 680 570 590 0.0817235 2.17926
480 700 580 600 0.0679999 9.36029
480 690 570 600 0.109981 0.555376
490 520 500 510 5.74232 0.0340128
490 540 510 520 2.01502 4.816
490 560 520 530 0.728917 0.450232
490 580 530 540 0.361346 2.85061
490 600 540 550 0.200883 0.762578
490 620 550 560 0.110748 0.805766
490 590 530 550 0.508461 0
490 630 550 570 0.184102 0.067655
490 650 560 580 0.126639 0
490 670 570 590 0.09477 1.92961
490 690 580 600 0.0852452 0.196019
490 710 590 610 0.0731766 1.61413
490 700 580 610 0.111329 0.667536
500 530 510 520 4.63501 0.0729861
500 550 520 530 1.62855 8.45532
500 570 530 540 0.781164 1.04039
500 590 540 550 0.374847 1.94676
500 610 550 560 0.2184 0.333186
500 630 560 570 0.117082 0.635208
500 600 540 560 0.5844 0.173123
500 640 560 580 0.210333 0.0982051
500 660 570 590 0.136424 0.183285
500 680 580 600 0.0973167 1.82793
500 700 590 610 0.0864042 0.328957
500 710 590 620 0.112991 0.227816
510 540 520 530 7.45674 0.104771
510 560 530 540 1.83011 12.0238
510 580 540 550 0.781164 0.835701
510 600 550 560 0.404586 1.98626
510 620 560 570 0.228619 0.567725
510 640 570 580 0.126431 0.461288
510 610 550 570 0.660339 0.149549
510 650 570 590 0.232958 0.146902
510 670 580 600 0.142582 0.0478902
510 690 590 610 0.101128 2.38417
510 710 600 620 0.0864658 0.478008
520 550 530 540 2.92563 0.182827
520 570 540 550 1.83011 13.8249
520 590 550 560 0.985578 0.517833
520 610 560 570 0.422431 1.48174
520 630 570 580 0.233144 0.464639
520 650 580 590 0.140612 0.837134
520 620 560 580 0.762592 0.0518712
520 660 580 600 0.245207 0.0584948
520 680 590 610 0.143232 0.0299033
520 700 600 620 0.10214 2.27334
530 560 540 550 7.83005 0.0352761
530 580 550 560 2.57712 12.1587
530 600 560 570 0.999823 0.536255
530 620 570 580 0.452694 2.79081
530 640 580 590 0.23385 1.36756
530 660 590 600 0.154568 4.68006
530 630 570 590 0.788906 0.0663176
530 670 590 610 0.25729 0.149274
530 690 600 620 0.143962 0.100705
530 710 610 630 0.102409 5.95485
540 570 550 560 5.82743 0.0335161
540 590 560 570 2.57712 4.19113
540 610 570 580 1.02353 0.803584
540 630 580 590 0.465111 2.76898
540 650 590 600 0.260578 1.21565
540 670 600 610 0.163661 1.5801
540 640 580 600 0.826448 0.0284853
540 680 600 620 0.266947 0.0304921
540 700 610 630 0.151046 0.53977
550 580 560 570 9.65116 0
550 600 570 580 2.76227 3.29477
550 620 580 590 0.999823 1.03424
550 640 590 600 0.517467 0.348675
550 660 600 610 0.286601 0.440904
550 680 610 620 0.169398 0.41217
550 650 590 610 0.91543 0.0498129
550 690 610 630 0.277575 0.0544318
550 710 620 640 0.154953 1.68075
560 590 570 580 6.28707 0.0310657
560 610 580 590 2.62071 0.538491
560 630 590 600 1.02353 0.607646
560 650 600 610 0.593195 0.547582
560 670 610 620 0.326954 0.612183
560 690 620 630 0.17661 0.967174
560 660 600 620 1.00441 0.0552615
560 700 620 640 0.279947 0.0435212
570 600 580 590 7.83121 0.111536
570 620 590 600 2.62071 5.58185
570 640 600 610 1.25793 0.571799
570 660 610 620 0.668924 1.5299
570 680 620 630 0.343669 0.324505
570 700 630 640 0.184029 2.03882
570 670 610 630 1.08216 0.113362
570 710 630 650 0.281133 0.0779084
580 610 590 600 6.67765 0.0827278
580 630 600 610 2.62071 7.17394
580 650 610 620 1.58773 0.532376
580 670 620 630 0.717316 1.89824
580 690 630 640 0.359193 0.929659
580 710 640 650 0.187738 3.17951
580 680 620 640 1.0839 0.0317522
590 620 600 610 6.10832 0.0452192
590 640 610 620 3.19793 1.14059
590 660 620 630 1.58773 0.832617
590 680 630 640 0.729917 0.635977
590 700 640 650 0.359193 0.738617
590 690 630 650 1.07678 0
600 630 610 620 7.92953 0.0921609
600 650 620 630 3.69469 0.75976
600 670 630 640 1.58773 0.563465
600 690 640 650 0.746644 0.973132
600 710 650 660 0.357404 1.82675
600 700 640 660 1.06081 0.0578223
610 640 620 630 8.22194 0.0671894
610 660 630 640 3.69469 0.792945
610 680 640 650 1.67687 0.667826
610 700 650 660 0.767496 1.21301
610 710 650 670 1.04752 0.0498834
620 650 630 640 9.54615 0.104325
620 670 640 650 4.27122 0.88492
620 690 650 660 1.76683 0.617341
620 710 660 670 0.779984 2.17278
630 660 640 650 10.8842 0
630 680 650 660 4.30518 1.6827
630 700 660 670 1.91038 0.788209
640 670 650 660 13.6282 0.367066
640 690 660 670 4.84379 1.3308
640 710 670 680 2.06105 0.601372
650 680 660 670 13.3956 0.182109
650 700 670 680 4.94306 0.738502
660 690 670 680 13.5599 0.34927
660 710 680 690 5.06112 7.05455
670 700 680 690 13.1687 0.403461
680 710 690 700 9.29068 3.04339
