!C:\2020\Myanmar\Data\Yoegoe\yoegoews8m_autoubc.dat
0 24 8 16 5.08808 0
0 40 16 24 1.68399 1.93476
0 56 24 32 0.646904 0.468198
0 72 32 40 0.288484 0.376811
0 88 40 48 0.170192 0.343626
0 104 48 56 0.117159 0.427817
0 80 32 48 0.429766 0.0603788
0 112 48 64 0.19712 0.120714
0 128 56 72 0.130983 0.0392827
0 144 64 80 0.0980715 0.84701
0 160 72 88 0.0779796 0.278789
0 176 80 96 0.0637235 0.175109
0 192 88 104 0.0618545 0.0339818
0 168 72 96 0.102749 0.106571
0 200 88 112 0.0961901 0
0 216 96 120 0.0943159 0.024671
0 232 104 128 0.0903783 0.0849706
0 248 112 136 0.0837509 0.0344024
0 264 120 144 0.0766818 0.0340747
0 280 128 152 0.0692986 0.79017
0 256 112 144 0.106524 0.025345
0 288 128 160 0.0867129 0.072349
0 304 136 168 0.0803359 0.0316611
0 320 144 176 0.0772614 0.0263083
0 336 152 184 0.073545 0.504577
0 352 160 192 0.0719441 0.0950274
0 368 168 200 0.0693336 0.0452231
0 344 152 192 0.0891133 0.369789
0 376 168 208 0.0851173 0.167456
0 392 176 216 0.0924867 0.164212
0 408 184 224 0.099113 0.135412
0 424 192 232 0.101894 0.0431227
0 440 200 240 0.100511 0.0734385
0 456 208 248 0.0985776 0.0319366
0 432 192 240 0.120821 0.170593
0 464 208 256 0.112707 0.145717
0 480 216 264 0.112085 0.225919
0 496 224 272 0.110369 0.0812165
0 512 232 280 0.110462 0.0588571
0 528 240 288 0.108563 0.0658472
0 544 248 296 0.108975 0.100002
0 520 232 288 0.12627 0.0905886
0 536 240 296 0.12593 0.0801703
0 552 248 304 0.121829 0.0814195
0 568 256 312 0.118008 0.0517213
8 32 16 24 5.08462 0.0271617
8 48 24 32 1.59678 0.494639
8 64 32 40 0.664842 0.276496
8 80 40 48 0.288732 0.642281
8 96 48 56 0.17025 0.455419
8 112 56 64 0.116112 0.355103
8 88 40 56 0.437202 0.028904
8 120 56 72 0.19585 0
8 136 64 80 0.130346 0.153724
8 152 72 88 0.0969816 2.04637
8 168 80 96 0.0779796 0.0434493
8 184 88 104 0.0656311 1.16149
8 200 96 112 0.0621507 0.136827
8 176 80 104 0.104521 0.0364587
8 208 96 120 0.0973424 0.0278532
8 224 104 128 0.0943757 0.0277237
8 240 112 136 0.0902414 0.430404
8 256 120 144 0.083489 0.355117
8 272 128 152 0.0760493 0.382691
8 288 136 160 0.0694219 0.330492
8 264 120 152 0.105504 0.0374922
8 296 136 168 0.0869383 0.141705
8 312 144 176 0.080922 0.193781
8 328 152 184 0.0780472 0.0437127
8 344 160 192 0.0743522 0.778142
8 360 168 200 0.0724737 0.270645
8 376 176 208 0.0706886 0.341396
8 352 160 200 0.0892932 0.0492633
8 384 176 216 0.0862304 0.0626453
8 400 184 224 0.0943885 0.274752
8 416 192 232 0.0994466 0.37707
8 432 200 240 0.10125 0.05325
8 448 208 248 0.100321 0.0620933
8 464 216 256 0.0985772 0.0343782
8 440 200 248 0.12021 0.0696772
8 472 216 264 0.112707 0.0518678
8 488 224 272 0.112085 0.126255
8 504 232 280 0.110369 0
8 520 240 288 0.110462 0.0450723
8 536 248 296 0.108563 0.0720783
8 552 256 304 0.108975 0.462217
8 528 240 296 0.12627 0
8 544 248 304 0.12593 0.273316
8 560 256 312 0.121829 0.0751485
16 40 24 32 5.12155 0.0381354
16 56 32 40 1.59678 0.635575
16 72 40 48 0.614924 0.361666
16 88 48 56 0.289062 0.936131
16 104 56 64 0.17939 0.67926
16 120 64 72 0.114019 0.686052
16 96 48 64 0.458683 0.0520743
16 128 64 80 0.193311 0.146502
16 144 72 88 0.129074 0.606371
16 160 80 96 0.0962187 0.67278
16 176 88 104 0.0784285 0.0268987
16 192 96 112 0.0670329 0.360234
16 208 104 120 0.0623748 0
16 184 88 112 0.106646 0.101131
16 216 104 128 0.0981827 0
16 232 112 136 0.0942864 0.0655832
16 248 120 144 0.0900205 0.0310561
16 264 128 152 0.0832643 0.167974
16 280 136 160 0.075156 1.37042
16 296 144 168 0.0695997 0.0528578
16 272 128 160 0.104156 0.158074
16 304 144 176 0.0875801 0
16 320 152 184 0.0816844 0.095927
16 336 160 192 0.0786119 0.200944
16 352 168 200 0.0750829 0.130387
16 368 176 208 0.0731483 0.175123
16 384 184 216 0.0721009 0.0320592
16 360 168 208 0.0898285 0.154543
16 392 184 224 0.0883589 0.0970841
16 408 192 232 0.0953693 0.0400758
16 424 200 240 0.0993639 0.143003
16 440 208 248 0.100749 1.72976
16 456 216 256 0.100174 0
16 472 224 264 0.0985769 0.14637
16 448 208 256 0.119736 0.116575
16 480 224 272 0.112707 0.0574961
16 496 232 280 0.112085 0.0454147
16 512 240 288 0.110369 0.0308546
16 528 248 296 0.110462 0.0286925
16 544 256 304 0.108563 0.146278
16 560 264 312 0.108975 0.127788
16 536 248 304 0.12627 0.0490466
16 552 256 312 0.12593 0.0839481
16 568 264 320 0.121829 0.034328
24 48 32 40 6.00501 0
24 64 40 48 1.59678 0.278734
24 80 48 56 0.635015 0.365384
24 96 56 64 0.2963 0.428342
24 112 64 72 0.18849 0.451967
24 128 72 80 0.113034 0.859451
24 104 56 72 0.504571 0.035465
24 136 72 88 0.188948 0.0713756
24 152 80 96 0.127038 0.0318613
24 168 88 104 0.0944022 0.419479
24 184 96 112 0.0782036 0.0462662
24 200 104 120 0.0695124 0.242258
24 216 112 128 0.062945 0.100096
24 192 96 120 0.108769 0.0919959
24 224 112 136 0.10088 0.042816
24 240 120 144 0.094112 0.0422922
24 256 128 152 0.0897515 0.615099
24 272 136 160 0.0825896 0.336775
24 288 144 168 0.0747336 0
24 304 152 176 0.0697341 0.0305369
24 280 136 168 0.103117 0.502871
24 312 152 184 0.088138 0.350305
24 328 160 192 0.0823584 0.312482
24 344 168 200 0.0790384 0.315077
24 360 176 208 0.0757657 0.116361
24 376 184 216 0.0739195 0.0700812
24 392 192 224 0.0735514 0.271153
24 368 176 216 0.0905859 0.0478515
24 400 192 232 0.0908076 0.352264
24 416 200 240 0.0960223 0.146076
24 432 208 248 0.0991157 0.0265031
24 448 216 256 0.100348 0.114222
24 464 224 264 0.100055 0.0734766
24 480 232 272 0.0985766 0.161087
24 456 216 264 0.119356 0.201077
24 488 232 280 0.112707 0.144964
24 504 240 288 0.112085 0.150514
24 520 248 296 0.110369 0.364752
24 536 256 304 0.110462 0.229019
24 552 264 312 0.108563 0.0375632
24 568 272 320 0.108975 0.394994
24 544 256 312 0.12627 0.0740096
24 560 264 320 0.12593 0
32 56 40 48 6.33706 0.102221
32 72 48 56 1.6604 0.745933
32 88 56 64 0.581026 0.793992
32 104 64 72 0.318842 0.730355
32 120 72 80 0.197551 0.699954
32 136 80 88 0.11179 3.4757
32 112 64 80 0.545501 0.0949639
32 144 80 96 0.181839 0.0579833
32 160 88 104 0.123079 0
32 176 96 112 0.0922951 0.811165
32 192 104 120 0.0784276 0.0423431
32 208 112 128 0.071769 0.435545
32 224 120 136 0.0638189 0.0735223
32 200 104 128 0.111962 0.323412
32 232 120 144 0.101422 0.0491515
32 248 128 152 0.0941119 0.0287563
32 264 136 160 0.0895293 0.0327308
32 280 144 168 0.0815927 0.222917
32 296 152 176 0.0742356 0.180213
32 312 160 184 0.0698396 0.1427
32 288 144 176 0.101613 0.0286082
32 320 160 192 0.0886401 0.334267
32 336 168 200 0.0829736 0.0671907
32 352 176 208 0.0794346 0.0516068
32 368 184 216 0.0763675 0.10247
32 384 192 224 0.0751376 0.163962
32 400 200 232 0.0747442 0.269041
32 376 184 224 0.0913616 0.0350896
32 408 200 240 0.0925374 0.101107
32 424 208 248 0.0964458 0.485507
32 440 216 256 0.0987519 0.0850667
32 456 224 264 0.10002 0.205328
32 472 232 272 0.0999588 0.185774
32 488 240 280 0.0985764 0.180431
32 464 224 272 0.119045 0.0455547
32 496 240 288 0.112707 0.0272999
32 512 248 296 0.112085 0.139571
32 528 256 304 0.110369 0.0259239
32 544 264 312 0.110462 0.05093
32 560 272 320 0.108563 0.193204
32 552 264 320 0.12627 0.101029
32 568 272 328 0.12593 0.0584304
40 64 48 56 6.45648 0.0302506
40 80 56 64 1.6604 0.662159
40 96 64 72 0.622665 0.594979
40 112 72 80 0.341385 0.904394
40 128 80 88 0.192635 0.689934
40 144 88 96 0.111037 0.803426
40 120 72 88 0.574866 0.0325301
40 152 88 104 0.175429 0.0538535
40 168 96 112 0.119259 0.0669201
40 184 104 120 0.0908781 0.37915
40 200 112 128 0.0791005 0.130571
40 216 120 136 0.0740701 0.516715
40 232 128 144 0.064615 0.0385536
40 208 112 136 0.115479 0.265528
40 240 128 152 0.101841 0.272392
40 256 136 160 0.0940013 0.75707
40 272 144 168 0.0885327 0.0489669
40 288 152 176 0.0807585 0.156448
40 304 160 184 0.0738122 0.332862
40 320 168 192 0.0698446 0.360758
40 296 152 184 0.10029 0.104093
40 328 168 200 0.0887762 0.223562
40 344 176 208 0.0836901 0.0495884
40 360 184 216 0.0803099 0.307359
40 376 192 224 0.0775296 0
40 392 200 232 0.0765504 0.0447254
40 408 208 240 0.0756906 0.164499
40 384 192 232 0.0926163 0.0479373
40 416 208 248 0.0937443 0.45515
40 432 216 256 0.0967188 0.0278861
40 448 224 264 0.0984541 0.04734
40 464 232 272 0.0997468 0.176317
40 480 240 280 0.0998782 0.0603555
40 496 248 288 0.0985762 0.0536226
40 472 232 280 0.118786 0
40 504 248 296 0.112707 0.0356201
40 520 256 304 0.112085 0.0249586
40 536 264 312 0.110369 0.0714971
40 552 272 320 0.110462 0.0436353
40 568 280 328 0.108563 0.090419
40 560 272 328 0.12627 0.100522
48 72 56 64 6.91264 0.0282544
48 88 64 72 1.6604 0.867497
48 104 72 80 0.622665 0.646652
48 120 80 88 0.356854 0.432087
48 136 88 96 0.176329 2.44081
48 152 96 104 0.110285 0.934628
48 128 80 96 0.497294 0.0947879
48 160 96 112 0.171984 0.0828862
48 176 104 120 0.115127 0
48 192 112 128 0.0895702 0.965356
48 208 120 136 0.0807121 0.564357
48 224 128 144 0.0755003 0.209513
48 240 136 152 0.0653334 0.559343
48 216 120 144 0.118503 0.0265036
48 248 136 160 0.102139 0.393989
48 264 144 168 0.093222 0.0558666
48 280 152 176 0.0875551 0.170121
48 296 160 184 0.0800072 0.216933
48 312 168 192 0.073412 0.0961832
48 328 176 200 0.0699193 0.363425
48 304 160 192 0.0990566 0.208735
48 336 176 208 0.0892864 0.104212
48 352 184 216 0.0847927 0.149017
48 368 192 224 0.081405 0.117909
48 384 200 232 0.0789232 0
48 400 208 240 0.0785346 0.370375
48 416 216 248 0.0773128 0.970695
48 392 200 240 0.0943483 0.394805
48 424 216 256 0.096078 0.34561
48 440 224 264 0.0981502 0.26031
48 456 232 272 0.0995703 0.203494
48 472 240 280 0.0995155 0.108523
48 488 248 288 0.09981 0.0286906
48 504 256 296 0.098576 0.077481
48 480 240 288 0.118567 0.0746989
48 512 256 304 0.112707 0.0322493
48 528 264 312 0.112085 0.112984
48 544 272 320 0.110369 0.0336693
48 560 280 328 0.110462 0.026244
48 568 280 336 0.12627 0
56 80 64 72 6.43062 0.0303723
56 96 72 80 1.70074 4.69372
56 112 80 88 0.988211 0.487891
56 128 88 96 0.332349 0.711188
56 144 96 104 0.160023 1.59182
56 160 104 112 0.110285 1.41079
56 136 88 104 0.419723 0.188787
56 168 104 120 0.171984 0.0459491
56 184 112 128 0.111054 0.0891789
56 200 120 136 0.0894412 0.568215
56 216 128 144 0.0819393 0.454509
56 232 136 152 0.0766731 0.0474475
56 248 144 160 0.0660766 0.0458006
56 224 128 152 0.120466 0.0345382
56 256 144 168 0.102287 0.0596702
56 272 152 176 0.0922813 0.0704422
56 288 160 184 0.0866235 0.158444
56 304 168 192 0.0793386 0.113681
56 320 176 200 0.0734121 0.045201
56 336 184 208 0.0703197 0.24182
56 312 168 200 0.0979121 0.140976
56 344 184 216 0.0906106 0.149335
56 360 192 224 0.0862198 0.439505
56 376 200 232 0.0827761 0.0779797
56 392 208 240 0.0814847 0.47853
56 408 216 248 0.0804682 0.0907408
56 424 224 256 0.0789273 0.249265
56 400 208 248 0.0980209 0.213317
56 432 224 264 0.0982193 0.179251
56 448 232 272 0.0995798 0.0677974
56 464 240 280 0.100451 0.0272305
56 480 248 288 0.0989685 0.0947787
56 496 256 296 0.0995654 0.113041
56 512 264 304 0.0985742 0.0449741
56 488 248 296 0.11757 0.418831
56 520 264 312 0.112707 0.0791869
56 536 272 320 0.112085 0.1212
56 552 280 328 0.110369 0.0361233
56 568 288 336 0.110462 0
64 88 72 80 7.1698 0.0720729
64 104 80 88 1.79974 0.574246
64 120 88 96 0.988211 0.634338
64 136 96 104 0.307844 3.31805
64 152 104 112 0.148633 1.06604
64 168 112 120 0.106154 0.58407
64 144 96 112 0.342151 0.0681029
64 176 112 128 0.171983 0.217325
64 192 120 136 0.106982 0.345457
64 208 128 144 0.0894796 0.786714
64 224 136 152 0.0833913 0.143543
64 240 144 160 0.0775887 0.556913
64 256 152 168 0.0667735 0.0785139
64 232 136 160 0.122428 0.379777
64 264 152 176 0.101746 0.125046
64 280 160 184 0.0910364 0.446565
64 296 168 192 0.0857378 0.112041
64 312 176 200 0.0792957 0.159131
64 328 184 208 0.0738626 0.096187
64 344 192 216 0.0712803 0.0668915
64 320 176 208 0.0984843 0.329463
64 352 192 224 0.0928214 0.161491
64 368 200 232 0.0880077 0.0700982
64 384 208 240 0.085527 0.783003
64 400 216 248 0.0839162 0.135142
64 416 224 256 0.0823513 0.305891
64 432 232 264 0.0805928 1.34376
64 408 216 256 0.101597 0.226353
64 440 232 272 0.100279 0.127215
64 456 240 280 0.100796 0.128324
64 472 248 288 0.100362 0.174175
64 488 256 296 0.0984544 0.151545
64 504 264 304 0.0994842 0.173877
64 520 272 312 0.098576 0
64 496 256 304 0.117071 0.0872454
64 528 272 320 0.112707 0.0547684
64 544 280 328 0.112085 0.365945
64 560 288 336 0.110369 1.02521
72 96 80 88 6.26726 0.0311639
72 112 88 96 1.79974 1.53214
72 128 96 104 0.404658 1.12216
72 144 104 112 0.283338 1.65803
72 160 112 120 0.161768 0.643414
72 176 120 128 0.102022 0.653794
72 152 104 120 0.384824 0.0277738
72 184 120 136 0.171984 0.143774
72 200 128 144 0.106687 0.157723
72 216 136 152 0.0905495 0.751835
72 232 144 160 0.0848433 0.105659
72 248 152 168 0.0785044 0.336656
72 264 160 176 0.0667735 0.0500734
72 240 144 168 0.124391 0.0706806
72 272 160 184 0.100398 0.114228
72 288 168 192 0.0903678 0.0304657
72 304 176 200 0.0849633 0.0379772
72 320 184 208 0.0793815 0.139089
72 336 192 216 0.0748667 0.0305267
72 352 200 224 0.0733159 0.117876
72 328 184 216 0.0996289 0.190555
72 360 200 232 0.0954508 0.0953963
72 376 208 240 0.0909354 0.0432189
72 392 216 248 0.0881317 0.0303973
72 408 224 256 0.0865336 0.177713
72 424 232 264 0.0841216 0.314219
72 440 240 272 0.0821324 0.0801353
72 416 224 264 0.105165 0
72 448 240 280 0.10219 0.0873298
72 464 248 288 0.101816 0.165301
72 480 256 296 0.0993965 0.104405
72 496 264 304 0.0982334 0.0332725
72 512 272 312 0.0995655 0.128502
72 528 280 320 0.0985762 0.0596563
72 504 264 312 0.117071 0.0779053
72 536 280 328 0.112707 0.0815542
72 552 288 336 0.112085 0.0256048
72 568 296 344 0.110369 0.0292632
80 104 88 96 7.87171 0
80 120 96 104 1.23994 4.68991
80 136 104 112 0.404658 0.892841
80 152 112 120 0.296317 0.831511
80 168 120 128 0.174904 0.62317
80 184 128 136 0.0978901 1.00719
80 160 112 128 0.427498 0.063596
80 192 128 144 0.171983 0.0443295
80 208 136 152 0.108395 0.084486
80 224 144 160 0.0916195 0.344406
80 240 152 168 0.0862953 0.14408
80 256 160 176 0.0782078 0.602167
80 272 168 184 0.0667735 0.0929505
80 248 152 176 0.124461 0.141458
80 280 168 192 0.0990495 0.354375
80 296 176 200 0.0898098 0.0939952
80 312 184 208 0.0843 0.459403
80 328 192 216 0.0799816 0.394812
80 344 200 224 0.0756552 0.0642861
80 360 208 232 0.0756538 0.0956847
80 336 192 224 0.10085 0.0560427
80 368 208 240 0.0984698 0.384746
80 384 216 248 0.0953382 0.20175
80 400 224 256 0.0905306 0
80 416 232 264 0.0889339 0.226494
80 432 240 272 0.0856488 0.0468533
80 448 248 280 0.0835426 0.329114
80 424 232 272 0.108724 0.0293747
80 456 248 288 0.104106 0.107072
80 472 256 296 0.101834 0.0812268
80 488 264 304 0.0990347 0.126819
80 504 272 312 0.0984544 0.0648907
80 520 280 320 0.09981 0.0244736
80 536 288 328 0.0985764 0.0283555
80 512 272 320 0.11757 0.0282788
80 544 288 336 0.112707 0.0854099
80 560 296 344 0.112085 0.0889698
88 112 96 104 5.80258 0
88 128 104 112 1.23994 9.77254
88 144 112 120 0.798562 0.548604
88 160 120 128 0.309296 0.773459
88 176 128 136 0.18804 0.141008
88 192 136 144 0.0941102 0.703015
88 168 120 136 0.470171 0
88 200 136 152 0.16708 0.18982
88 216 144 160 0.110103 0.22239
88 232 152 168 0.0928567 0.41722
88 248 160 176 0.0862953 0.0894736
88 264 168 184 0.0772922 0.286554
88 280 176 192 0.0668445 0.0893539
88 256 160 184 0.123893 0.109804
88 288 176 200 0.0977013 0.0958199
88 304 184 208 0.0892518 0.0361851
88 320 192 216 0.0836366 0.16479
88 336 200 224 0.0806502 0.107816
88 352 208 232 0.0777437 0.0544941
88 368 216 240 0.0780565 0
88 344 200 232 0.102753 0.0316744
88 376 216 248 0.102767 0
88 392 224 256 0.0994737 0.0745687
88 408 232 264 0.0929269 0.26909
88 424 240 272 0.0912144 0.13436
88 440 248 280 0.0871606 0.13306
88 456 256 288 0.0845682 0.132565
88 432 240 280 0.111966 0
88 464 256 296 0.105935 0.057726
88 480 264 304 0.10151 0.104636
88 496 272 312 0.0993965 0.0305744
88 512 280 320 0.0989685 0.147156
88 528 288 328 0.0998782 0.0385026
88 544 296 336 0.0985766 0.0432496
88 520 280 328 0.118567 0.0929628
88 552 296 344 0.112707 0.0268577
88 568 304 352 0.112085 0.254741
96 120 104 112 6.66807 0.0971463
96 136 112 120 2.16507 3.57469
96 152 120 128 0.798562 0.625387
96 168 128 136 0.322274 0.664964
96 184 136 144 0.167111 0.888918
96 200 144 152 0.0903303 0.324122
96 176 128 144 0.455182 0.0579465
96 208 144 160 0.162176 0
96 224 152 168 0.110103 0.0411662
96 240 160 176 0.0945284 1.52432
96 256 168 184 0.0862309 0
96 272 176 192 0.0769957 0.300262
96 288 184 200 0.0668445 0.148292
96 264 168 192 0.12293 0.0694595
96 296 184 208 0.0963532 0.185928
96 312 192 216 0.0886939 0.196625
96 328 200 224 0.0834944 0.342095
96 344 208 232 0.0824362 0.0823442
96 360 216 240 0.0819517 0.0447303
96 376 224 248 0.0807452 0.125875
96 352 208 240 0.106862 0.151063
96 384 224 256 0.106996 0.167654
96 400 232 264 0.103518 0.0709722
96 416 240 272 0.0953204 0.0783687
96 432 248 280 0.093375 0.0549311
96 448 256 288 0.0886572 0.107592
96 464 264 296 0.0852091 0
96 440 248 288 0.114892 0.0414933
96 472 264 304 0.107671 0.0554559
96 488 272 312 0.101834 0.0802073
96 504 280 320 0.100362 0
96 520 288 328 0.0996599 0.0507062
96 536 296 336 0.0999588 0.0418047
96 552 304 344 0.0985769 0.079247
96 528 288 336 0.118786 0.0322398
96 560 304 352 0.112707 0.0288694
104 128 112 120 10.0933 0.0387013
104 144 120 128 2.16507 0.626625
104 160 128 136 0.762224 0.406415
104 176 136 144 0.29697 1.0269
104 192 144 152 0.140794 1.00812
104 208 152 160 0.0865505 0.728524
104 184 136 152 0.416927 0.0641946
104 216 152 168 0.157272 0.0478086
104 232 160 176 0.110103 0.149263
104 248 168 184 0.0960326 0.898939
104 264 176 192 0.0855431 0.187993
104 280 184 200 0.0766991 0.615131
104 296 192 208 0.0668445 0.195215
104 272 176 200 0.121197 0.0803256
104 304 192 216 0.0955466 0.0725246
104 320 200 224 0.0886939 0.0683014
104 336 208 232 0.0843879 0.120536
104 352 216 240 0.0873052 0.214646
104 368 224 248 0.0861688 0.13416
104 384 232 256 0.083433 0.130154
104 360 216 248 0.114879 0.123594
104 392 232 264 0.111157 0.203079
104 408 240 272 0.107472 0.0980701
104 424 248 280 0.0976496 0.0999508
104 440 256 288 0.0954649 0.0753209
104 456 264 296 0.0900082 0
104 472 272 304 0.0859364 0.0448137
104 448 256 296 0.117631 0.0963763
104 480 272 312 0.108612 0.0382839
104 496 280 320 0.102695 0.0794238
104 512 288 328 0.101639 0.0683298
104 528 296 336 0.0999032 0.0402991
104 544 304 344 0.100055 0.0533964
104 560 312 352 0.0985772 0
104 536 296 344 0.119045 0.0608383
104 568 312 360 0.112707 0
112 136 120 128 9.8413 0
112 152 128 136 2.16507 1.65697
112 168 136 144 0.720628 1.009
112 184 144 152 0.266989 0.742002
112 200 152 160 0.114478 0.60905
112 216 160 168 0.0865505 0.52201
112 192 144 160 0.370917 0.157396
112 224 160 176 0.145637 0.0557655
112 240 168 184 0.113187 0.204073
112 256 176 192 0.0977042 1.48924
112 272 184 200 0.0848553 0.0636018
112 288 192 208 0.0764026 1.8905
112 304 200 216 0.0669156 0.0720331
112 280 184 208 0.119463 0.23184
112 312 200 224 0.0955466 0.239114
112 328 208 232 0.0887532 0.181397
112 344 216 240 0.0897927 0.196276
112 360 224 248 0.0921781 0.292554
112 376 232 256 0.0912141 0.0546283
112 392 240 264 0.0861177 0.0330672
112 368 224 256 0.122972 0.0826726
112 400 240 272 0.115318 0.145051
112 416 248 280 0.111425 0.101312
112 432 256 288 0.0999144 0.0629629
112 448 264 296 0.0974842 0.106609
112 464 272 304 0.0912136 0.0512916
112 480 280 312 0.0867502 0.0569457
112 456 264 304 0.120184 0.0244622
112 488 280 320 0.109008 0.144508
112 504 288 328 0.10386 0.033325
112 520 296 336 0.103136 0.0268658
112 536 304 344 0.100191 0.0531376
112 552 312 352 0.100174 0
112 568 320 360 0.0985777 0.0447058
112 544 304 352 0.119356 0.0646371
120 144 128 136 10.7427 0.0257117
120 160 136 144 2.11227 0.679141
120 176 144 152 0.685356 0.484518
120 192 152 160 0.237007 1.05738
120 208 160 168 0.10909 1.21423
120 224 168 176 0.0821046 1.2124
120 200 152 168 0.339896 0.0821815
120 232 168 184 0.145637 0.0388088
120 248 176 192 0.118783 0.0630323
120 264 184 200 0.0997282 0.940073
120 280 192 208 0.0841675 0.123546
120 296 200 216 0.0764026 0.480392
120 312 208 224 0.0669866 0.232835
120 288 192 216 0.118227 0.0747558
120 320 208 232 0.0959852 0.094512
120 336 216 240 0.0935947 0.212382
120 352 224 248 0.0966575 0.193407
120 368 232 256 0.0964683 0.10656
120 384 240 264 0.0962131 0.150742
120 400 248 272 0.0888024 0.120808
120 376 232 264 0.12992 0.0483724
120 408 248 280 0.119479 0.115535
120 424 256 288 0.115147 0.115069
120 440 264 296 0.101983 0.0698592
120 456 272 304 0.0991852 0
120 472 280 312 0.0921155 0.0313312
120 488 288 320 0.0875373 0.0353382
120 464 272 312 0.12222 0.0676952
120 496 288 328 0.109508 0.0693555
120 512 296 336 0.105169 0.12973
120 528 304 344 0.104352 0
120 544 312 352 0.100536 0.166925
120 560 320 360 0.100321 0
120 552 312 360 0.119736 0.0454784
128 152 136 144 11.0774 0.0498698
128 168 144 152 2.22996 0.773623
128 184 152 160 0.617086 0.478865
128 200 160 168 0.232331 1.68841
128 216 168 176 0.119495 1.19751
128 232 176 184 0.0847097 1.38349
128 208 160 176 0.33214 0.116735
128 240 176 192 0.151388 0.149537
128 256 184 200 0.124379 0.169604
128 272 192 208 0.101585 3.65243
128 288 200 216 0.0835441 0.184641
128 304 208 224 0.0770217 0.970881
128 320 216 232 0.0678681 0.0323454
128 296 200 224 0.117061 0.169254
128 328 216 240 0.100518 0.230022
128 344 224 248 0.100456 0
128 360 232 256 0.103641 0.117791
128 376 240 264 0.100673 0.112173
128 392 248 272 0.101063 0.121967
128 408 256 280 0.0912312 0.30833
128 384 240 272 0.136868 0.0843289
128 416 256 288 0.1232 0.129814
128 432 264 296 0.118699 0.0261995
128 448 272 304 0.104177 0.0367875
128 464 280 312 0.099994 0.082651
128 480 288 320 0.0928443 0.205291
128 496 296 328 0.0883564 0
128 472 280 320 0.122697 0.181675
128 504 296 336 0.11007 0.0346828
128 520 304 344 0.10607 0.0558096
128 536 312 352 0.105239 0.0436894
128 552 320 360 0.100958 0.072578
128 568 328 368 0.100511 0.16349
128 560 320 368 0.12021 0.058172
136 160 144 152 9.49857 0.0290795
136 176 152 160 2.12493 0.895525
136 192 160 168 0.617086 0.464296
136 208 168 176 0.23938 2.86007
136 224 176 184 0.1299 1.54263
136 240 184 192 0.0885578 3.04028
136 216 168 184 0.344233 0.104494
136 248 184 200 0.168773 0.0741874
136 264 192 208 0.128757 0.326006
136 280 200 216 0.101937 1.58117
136 296 208 224 0.0838755 0.394767
136 312 216 232 0.0773822 0.924462
136 328 224 240 0.0726301 1.41021
136 304 208 232 0.117526 0.0446825
136 336 224 248 0.107253 0.173845
136 352 232 256 0.107318 0.456633
136 368 240 264 0.110625 0.267379
136 384 248 272 0.104877 0.440475
136 400 256 280 0.105912 0.0258929
136 416 264 288 0.0933715 0.215158
136 392 248 280 0.143816 0.282039
136 424 264 296 0.126038 0.112836
136 440 272 304 0.121735 0.190881
136 456 280 312 0.10489 0.337807
136 472 288 320 0.100894 0.149298
136 488 296 328 0.0933301 0.0472532
136 504 304 336 0.0887984 0.179777
136 480 288 328 0.122697 0.0395116
136 512 304 344 0.110487 0.204578
136 528 312 352 0.106721 0.0517022
136 544 320 360 0.106324 0.139325
136 560 328 368 0.101485 0.086982
136 568 328 376 0.120821 0.228517
144 168 152 160 10.3107 0.0656192
144 184 160 168 2.12493 0.731719
144 200 168 176 0.611946 0.594897
144 216 176 184 0.246429 2.01948
144 232 184 192 0.144998 1.23889
144 248 192 200 0.0974935 0.72024
144 224 176 192 0.376861 0.0401452
144 256 192 208 0.177194 0.0786712
144 272 200 216 0.130522 0.0244816
144 288 208 224 0.102327 2.44637
144 304 216 232 0.0850926 0.128125
144 320 224 240 0.0816554 1.46827
144 336 232 248 0.0786497 0.90576
144 312 216 240 0.123273 0.261797
144 344 232 256 0.11764 0.036509
144 360 240 264 0.114179 0.141843
144 376 248 272 0.117609 0.0868022
144 392 256 280 0.109081 0.2268
144 408 264 288 0.109246 0.127368
144 424 272 296 0.0941651 0.0512252
144 400 256 288 0.150005 0.0667686
144 432 272 304 0.128453 0.0737076
144 448 280 312 0.123478 0.0659915
144 464 288 320 0.105544 0.0293961
144 480 296 328 0.1013 0.0427952
144 496 304 336 0.0935728 0
144 512 312 344 0.0888633 0
144 488 296 336 0.122565 0.0423083
144 520 312 352 0.110751 0.0552866
144 536 320 360 0.107448 0.0430478
144 552 328 368 0.107473 0.164075
144 568 336 376 0.102163 0.0448514
152 176 160 168 10.6726 0.0684734
152 192 168 176 2.12493 1.76089
152 208 176 184 0.611946 0.465261
152 224 184 192 0.255907 1.28925
152 240 192 200 0.150894 0.881353
152 256 200 208 0.101949 2.76121
152 232 184 200 0.416931 0.0269857
152 264 200 216 0.18818 0.0731124
152 280 208 224 0.132387 0.43546
152 296 216 232 0.103775 0.499433
152 312 224 240 0.0907901 0.189457
152 328 232 248 0.0879727 0.175294
152 344 240 256 0.0857693 0.0889259
152 320 224 248 0.13168 0.172084
152 352 240 264 0.128217 0.0472342
152 368 248 272 0.121041 0
152 384 256 280 0.124592 0
152 400 264 288 0.112168 0
152 416 272 296 0.11046 0.360746
152 432 280 304 0.095707 0
152 408 264 296 0.153989 0.0423701
152 440 280 312 0.130106 0.0354723
152 456 288 320 0.123478 0.076918
152 472 296 328 0.106192 0.0575961
152 488 304 336 0.101503 0.0271183
152 504 312 344 0.0936942 0.0309211
152 520 320 352 0.0888681 0.0665402
152 496 304 344 0.1223 0
152 528 320 360 0.110751 0.028841
152 544 328 368 0.108247 0.0309382
152 560 336 376 0.108714 0.047632
160 184 168 176 10.1183 0.0610413
160 200 176 184 2.10413 1.31552
160 216 184 192 0.611946 0.644143
160 232 192 200 0.269423 0.595965
160 248 200 208 0.160103 0.634484
160 264 208 216 0.107138 0.392354
160 240 192 208 0.485077 0.0876629
160 272 208 224 0.200299 0.0443169
160 288 216 232 0.136099 0.0459655
160 304 224 240 0.108979 1.17162
160 320 232 248 0.0986375 1.18855
160 336 240 256 0.0955234 0.325316
160 352 248 264 0.0941228 0.0702888
160 328 232 256 0.145972 0.059519
160 360 248 272 0.140204 0.0925393
160 376 256 280 0.127902 0.031077
160 392 264 288 0.130682 0.0409163
160 408 272 296 0.112172 0.198617
160 424 280 304 0.111665 0.028242
160 440 288 312 0.0972356 0.0567864
160 416 272 304 0.154064 0
160 448 288 320 0.130106 0.0656632
160 464 296 328 0.12324 0.136285
160 480 304 336 0.106836 0.0442072
160 496 312 344 0.101503 0.0502053
160 512 320 352 0.0935637 0.047595
160 528 328 360 0.0888681 0.0255508
160 504 312 352 0.121705 0.0249693
160 536 328 368 0.111123 0.0610364
160 552 336 376 0.109122 0.0726391
160 568 344 384 0.109925 0.0438326
168 192 176 184 12.3444 0.141516
168 208 184 192 1.84827 0.91934
168 224 192 200 0.540015 0.444487
168 240 200 208 0.283163 2.93031
168 256 208 216 0.184384 0.78079
168 272 216 224 0.115816 1.77356
168 248 200 216 0.557038 0.0771611
168 280 216 232 0.214851 0.123414
168 296 224 240 0.139912 0.26263
168 312 232 248 0.116305 2.04129
168 328 240 256 0.108257 0.10957
168 344 248 264 0.10524 0.794257
168 360 256 272 0.101799 0.0594973
168 336 240 264 0.173218 0.133542
168 368 256 280 0.148097 0.0302382
168 384 264 288 0.134704 0
168 400 272 296 0.132261 0.0965712
168 416 280 304 0.112168 0.0253485
168 432 288 312 0.111665 0.134902
168 448 296 320 0.0984771 0.255217
168 424 280 312 0.154064 0.154606
168 456 296 328 0.130106 0.0281165
168 472 304 336 0.122491 0.10258
168 488 312 344 0.107462 0.0377853
168 504 320 352 0.101402 0.118977
168 520 328 360 0.0934313 0.075289
168 536 336 368 0.0891706 0.0537377
168 512 320 360 0.120779 0.116699
168 544 336 376 0.11139 0.0302851
168 560 344 384 0.110106 0.119358
176 200 184 192 10.827 0.0255116
176 216 192 200 1.58294 1.11233
176 232 200 208 0.615323 0.533436
176 248 208 216 0.337994 0.901194
176 264 216 224 0.212134 0.629001
176 280 224 232 0.121924 0.431267
176 256 208 224 0.642024 0.0267273
176 288 224 240 0.215985 0.040931
176 304 232 248 0.149274 0.0652997
176 320 240 256 0.12512 1.35842
176 336 248 264 0.131773 0.0828566
176 352 256 272 0.115937 0.335274
176 368 264 280 0.105594 0.0582986
176 344 248 272 0.203088 0.121637
176 376 264 288 0.153788 0.0307171
176 392 272 296 0.13719 0
176 408 280 304 0.13238 0.0327811
176 424 288 312 0.112046 0.0918229
176 440 296 320 0.111665 0.0463969
176 456 304 328 0.0995975 0.052679
176 432 288 320 0.153477 0.0830656
176 464 304 336 0.130103 0.062247
176 480 312 344 0.121525 0.0428077
176 496 320 352 0.108071 0.0721785
176 512 328 360 0.101202 0
176 528 336 368 0.0932971 0.0615193
176 544 344 376 0.0895389 0.0680827
176 520 328 368 0.119806 0.0714266
176 552 344 384 0.111515 0.0509359
176 568 352 392 0.110824 0.102662
184 208 192 200 8.88545 0.0439623
184 224 200 208 1.58294 0.980801
184 240 208 216 0.789428 0.354763
184 256 216 224 0.385212 2.00467
184 272 224 232 0.236572 1.27694
184 288 232 240 0.126055 0.417634
184 264 216 232 0.686842 0.0301355
184 296 232 248 0.215985 0.0509523
184 312 240 256 0.156137 0.167851
184 328 248 264 0.151256 0.978966
184 344 256 272 0.155028 0.0570552
184 360 264 280 0.122722 0.307262
184 376 272 288 0.108132 0.0459518
184 352 256 280 0.228447 0
184 384 272 296 0.155827 0.0926653
184 400 280 304 0.135835 0.0281733
184 416 288 312 0.13023 0.0748228
184 432 296 320 0.111924 0.116121
184 448 304 328 0.111665 0.0949611
184 464 312 336 0.100518 0.142444
184 440 296 328 0.15289 0.0495494
184 472 312 344 0.130072 0.0663436
184 488 320 352 0.120344 0.0616316
184 504 328 360 0.108406 0.0523614
184 520 336 368 0.100879 0.047405
184 536 344 376 0.0934154 0.064173
184 552 352 384 0.0899977 0.025138
184 528 336 376 0.118786 0.0634711
184 560 352 392 0.111445 0.120968
192 216 200 208 6.89189 0.0490854
192 232 208 216 1.69445 4.42272
192 248 216 224 0.834994 0.594878
192 264 224 232 0.432207 0.59662
192 280 232 240 0.241381 0.0564764
192 296 240 248 0.131142 0.610546
192 272 224 240 0.718273 0
192 304 240 256 0.215985 0.0450745
192 320 248 264 0.163698 0.0580287
192 336 256 272 0.176336 0.705381
192 352 264 280 0.173802 0.059466
192 368 272 288 0.127463 0.144296
192 384 280 296 0.10957 0.140172
192 360 264 288 0.251145 0.204922
192 392 280 304 0.157675 0.0493833
192 408 288 312 0.134248 0
192 424 296 320 0.128081 0.0564075
192 440 304 328 0.111801 0.0956374
192 456 312 336 0.111665 0.0819885
192 472 320 344 0.101198 0.0909807
192 448 304 336 0.152303 0
192 480 320 352 0.130014 0.0515401
192 496 328 360 0.119124 0.0559874
192 512 336 368 0.108406 0
192 528 344 376 0.100432 0.0709515
192 544 352 384 0.0934914 0.130768
192 560 360 392 0.0899991 0.0753912
192 536 344 384 0.1177 0.0811855
192 568 360 400 0.111085 0.0769373
200 224 208 216 8.86224 0.0440775
200 240 216 224 2.27882 2.55721
200 256 224 232 0.834994 0.641253
200 272 232 240 0.472578 0.590269
200 288 240 248 0.254927 0.512917
200 304 248 256 0.144205 0.511808
200 280 232 248 0.754638 0
200 312 248 264 0.223869 0.0381615
200 328 256 272 0.190785 0.0910432
200 344 264 280 0.200353 0.367789
200 360 272 288 0.190426 0.0664374
200 376 280 296 0.13097 0.14022
200 392 288 304 0.109774 0.0339833
200 368 272 296 0.267959 0.0414205
200 400 288 312 0.155827 0.0525042
200 416 296 320 0.13266 0.287679
200 432 304 328 0.125931 0.211284
200 448 312 336 0.111205 0.215869
200 464 320 344 0.110784 0.108882
200 480 328 352 0.101837 0.193657
200 456 312 344 0.151185 0.0302805
200 488 328 360 0.129356 0
200 504 336 368 0.117866 0.0642184
200 520 344 376 0.107829 0.0248428
200 536 352 384 0.0993806 0.0373114
200 552 360 392 0.0935092 0.13429
200 568 368 400 0.0893144 0.114545
200 544 352 392 0.116598 0.202355
208 232 216 224 3.81696 0.0723649
208 248 224 232 2.27882 1.95162
208 264 232 240 1.04098 0.229791
208 280 240 248 0.521993 0.507433
208 296 248 256 0.26878 0.395422
208 312 256 264 0.160395 0.736574
208 288 240 256 0.809258 0.0280245
208 320 256 272 0.281522 0.0244762
208 336 264 280 0.232094 0.043714
208 352 272 288 0.222248 0.151159
208 368 280 296 0.205277 0.0530867
208 384 288 304 0.132311 0.146063
208 400 296 312 0.10957 0.0680968
208 376 280 304 0.271818 0
208 408 296 320 0.153563 0.0919459
208 424 304 328 0.131072 0.0249294
208 440 312 336 0.123306 0.0300065
208 456 320 344 0.110609 0.201067
208 472 328 352 0.109903 0.0700449
208 488 336 360 0.102156 0.085226
208 464 320 352 0.150067 0.0486814
208 496 336 368 0.128098 0.0928133
208 512 344 376 0.116528 0.0611982
208 528 352 384 0.107175 0.0287131
208 544 360 392 0.0987452 0.0277916
208 560 368 400 0.0931503 0.0388798
208 552 360 400 0.115795 0.117348
216 240 224 232 7.68138 0.0254268
216 256 232 240 3.32259 0.527484
216 272 240 248 1.66632 0.649971
216 288 248 256 0.574091 0.79698
216 304 256 264 0.2919 0.664567
216 320 264 272 0.197777 1.01601
216 296 248 264 0.888118 0
216 328 264 280 0.334073 0.0449752
216 344 272 288 0.272707 0.0545365
216 360 280 296 0.242655 0.487949
216 376 288 304 0.195211 0.0458974
216 392 296 312 0.13097 0.34352
216 408 304 320 0.107975 0.208106
216 384 288 312 0.259767 0
216 416 304 328 0.149953 0.225713
216 432 312 336 0.129485 0.12185
216 448 320 344 0.120681 0.0563726
216 464 328 352 0.110013 0.11782
216 480 336 360 0.109023 0.0483779
216 496 344 368 0.102156 0.111021
216 472 328 360 0.14895 0.0664531
216 504 344 376 0.12682 0.0326008
216 520 352 384 0.115111 0.0830843
216 536 360 392 0.106377 0.0870881
216 552 368 400 0.0980454 0.127935
216 568 376 408 0.0922261 0.0507001
216 560 368 408 0.114922 0.0842908
224 248 232 240 9.37412 0.0833411
224 264 240 248 3.35295 3.13486
224 280 248 256 1.66632 0.619441
224 296 256 264 0.589292 0.409313
224 312 264 272 0.309532 0.39443
224 328 272 280 0.227183 0.398956
224 304 256 272 0.950645 0
224 336 272 288 0.383842 0.0256209
224 352 280 296 0.305625 0.062156
224 368 288 304 0.245702 0.163875
224 384 296 312 0.18467 0.0733118
224 400 304 320 0.12802 0.230496
224 416 312 328 0.10635 0.0374807
224 392 296 320 0.245591 0.152293
224 424 312 336 0.146344 0.0294889
224 440 320 344 0.127897 0.0430356
224 456 328 352 0.118056 0
224 472 336 360 0.109421 0.121052
224 488 344 368 0.108067 0.109156
224 504 352 376 0.100489 0.124423
224 480 336 368 0.147832 0.0607648
224 512 352 384 0.125522 0
224 528 360 392 0.113678 0.0321838
224 544 368 400 0.105998 0.0414482
224 560 376 408 0.0974168 0.0310812
224 568 376 416 0.113939 0.0267966
232 256 240 248 8.62309 0.0320318
232 272 248 256 3.32259 4.80492
232 288 256 264 1.49228 0.800864
232 304 264 272 0.591975 0.655766
232 320 272 280 0.349436 0.358833
232 336 280 288 0.253461 0.148444
232 312 264 280 0.994917 0.0353474
232 344 280 296 0.390021 0.0425076
232 360 288 304 0.323108 0.0880702
232 376 296 312 0.236046 0.343441
232 392 304 320 0.172375 0.0489952
232 408 312 328 0.124842 0.314566
232 424 320 336 0.104725 0
232 400 304 328 0.228629 0.0288497
232 432 320 344 0.142734 0.123639
232 448 328 352 0.126309 0.109199
232 464 336 360 0.115432 0.0688151
232 480 344 368 0.108947 0.210524
232 496 352 376 0.106305 0.0888337
232 512 360 384 0.0981544 0.134562
232 488 344 376 0.14699 0.140333
232 520 360 392 0.123868 0.0641704
232 536 368 400 0.112658 0.132487
232 552 376 408 0.105517 0.0484753
232 568 384 416 0.0969019 0.117779
240 264 248 256 14.7614 0
240 280 256 264 3.66671 1.46512
240 296 264 272 1.49228 0.483112
240 312 272 280 0.638776 0.608918
240 328 280 288 0.379936 0.60467
240 344 288 296 0.253461 0.459382
240 320 272 288 1.00398 0
240 352 288 304 0.404953 0.028852
240 368 296 312 0.327845 0.158514
240 384 304 320 0.223092 2.96201
240 400 312 328 0.159476 0.178351
240 416 320 336 0.121663 1.3626
240 432 328 344 0.103101 0.071377
240 408 312 336 0.211481 0.132401
240 440 328 352 0.140973 0.0328833
240 456 336 360 0.126309 0.108251
240 472 344 368 0.115702 0.119521
240 488 352 376 0.108321 0.163409
240 504 360 384 0.10535 0.109801
240 520 368 392 0.0966856 0.186481
240 496 352 384 0.146367 0.0366656
240 528 368 400 0.12261 0.0726641
240 544 376 408 0.112148 0.197372
240 560 384 416 0.104903 0.169608
248 272 256 264 10.8582 0.0917192
248 288 264 272 3.66671 3.26493
248 304 272 280 1.49228 0.561382
248 320 280 288 0.685577 0.413826
248 336 288 296 0.379936 0.295479
248 352 296 304 0.24888 0.159385
248 328 280 296 1.00398 0.0343897
248 360 296 312 0.411133 0.0750833
248 376 304 320 0.310362 0.206023
248 392 312 328 0.210117 0.35217
248 408 320 336 0.146436 0.0871423
248 424 328 344 0.118485 0.407742
248 440 336 352 0.10168 0.0562653
248 416 320 344 0.194332 0.0656028
248 448 336 360 0.139627 0.112084
248 464 344 368 0.128253 0.102535
248 480 352 376 0.11704 0.0616537
248 496 360 384 0.108016 0.193797
248 512 368 392 0.105201 0.0614455
248 528 376 400 0.0956516 0.0813948
248 504 360 392 0.146055 0.0816022
248 536 376 408 0.121676 0.0812679
248 552 384 416 0.111771 0.0675446
248 568 392 424 0.104076 0.0789273
256 280 264 272 12.3665 0.0446713
256 296 272 280 3.66671 2.75898
256 312 280 288 1.40738 0.503195
256 328 288 296 0.667951 0.552764
256 344 296 304 0.339707 0.722006
256 360 304 312 0.238369 1.20571
256 336 288 304 0.980301 0.0263444
256 368 304 320 0.398186 0.0513506
256 384 312 328 0.283295 0.0358407
256 400 320 336 0.194985 1.08544
256 416 328 344 0.143464 0.119679
256 432 336 352 0.116648 0.642279
256 448 344 360 0.101651 0.195881
256 424 328 352 0.189234 0.130526
256 456 344 368 0.139627 0.121213
256 472 352 376 0.131429 0.120539
256 488 360 384 0.116991 0.125065
256 504 368 392 0.108018 0.218154
256 520 376 400 0.105152 0
256 536 384 408 0.0953805 0.155288
256 512 368 400 0.146024 0.131892
256 544 384 416 0.120511 0
256 560 392 424 0.111592 0
264 288 272 280 17.2051 0.153986
264 304 280 288 3.56992 2.38961
264 320 288 296 1.36598 0.431245
264 336 296 304 0.578919 0.619176
264 352 304 312 0.296402 0.324055
264 368 312 320 0.216215 0.80745
264 344 296 312 0.889058 0.0261691
264 376 312 328 0.376486 0.042903
264 392 320 336 0.268975 0.0403736
264 408 328 344 0.179852 1.2001
264 424 336 352 0.140966 0.197316
264 440 344 360 0.116419 0.358757
264 456 352 368 0.10168 0.0519249
264 432 336 360 0.186262 0.0979129
264 464 352 376 0.145426 0.0540088
264 480 360 384 0.134605 0.145136
264 496 368 392 0.119946 0.0712712
264 512 376 400 0.110261 0.0459446
264 528 384 408 0.10681 0.043046
264 544 392 416 0.0945787 0.296277
264 520 376 408 0.147598 0.0267376
264 552 392 424 0.119 0.0706633
264 568 400 432 0.11141 0.0384815
272 296 280 288 12.4737 0.082854
272 312 288 296 3.56992 2.45376
272 328 296 304 1.36598 0.721143
272 344 304 312 0.466791 0.575577
272 360 312 320 0.270464 0.775508
272 376 320 328 0.198642 0.451173
272 352 304 320 0.78277 0.0251975
272 384 320 336 0.362031 0.0284787
272 400 328 344 0.259392 0.0576632
272 416 336 352 0.177423 1.18801
272 432 344 360 0.14036 0.0433554
272 448 352 368 0.116648 0.32482
272 464 360 376 0.1055 0.190665
272 440 344 368 0.186262 0.106605
272 472 360 384 0.151225 0.11224
272 488 368 392 0.137781 0.127393
272 504 376 400 0.122993 0.0281881
272 520 384 408 0.112994 0.170149
272 536 392 416 0.108771 0.0431961
272 552 400 424 0.0935718 0.124131
272 528 384 416 0.150127 0.0920684
272 560 400 432 0.117964 0.0744774
280 304 288 296 15.2927 0.0510864
280 320 296 304 3.56992 1.3026
280 336 304 312 1.09425 0.339834
280 352 312 320 0.41802 0.676554
280 368 320 328 0.262175 0.532247
280 384 328 336 0.186999 1.1626
280 360 312 328 0.692472 0
280 392 328 344 0.360523 0
280 408 336 352 0.237648 0.0628708
280 424 344 360 0.177401 1.18484
280 440 352 368 0.140966 0.099538
280 456 360 376 0.122024 0.633584
280 472 368 384 0.10932 0.149829
280 448 352 376 0.20074 0.132168
280 480 368 392 0.157024 0.0443314
280 496 376 400 0.141302 0.0601281
288 312 296 304 14.0954 0.027713
288 328 304 312 2.9894 0.7164
288 344 312 320 0.958407 0.510108
288 360 320 328 0.383411 1.53236
288 376 328 336 0.262175 0.761923
288 392 336 344 0.186743 1.81724
288 368 320 336 0.665013 0.026076
288 400 336 352 0.329934 0.0343555
288 416 344 360 0.215904 0.0880415
288 432 352 368 0.177673 1.12174
288 448 360 376 0.149092 0.169202
288 464 368 384 0.1274 0.637308
288 480 376 392 0.11314 0.0539288
288 456 360 384 0.215219 0.254621
288 488 376 400 0.162823 0.0549699
288 504 384 408 0.145326 0.0341245
288 520 392 416 0.132799 0.0820494
288 536 400 424 0.119898 0.112413
288 552 408 432 0.113477 0.153777
288 568 416 440 0.0922025 0.128677
288 544 400 432 0.155952 0.0673059
296 320 304 312 13.614 0.0286929
296 336 312 320 2.91727 2.05831
296 352 320 328 0.800134 0.775521
296 368 328 336 0.3719 0.970246
296 384 336 344 0.25308 1.13281
296 400 344 352 0.178758 0.599866
296 376 328 344 0.652599 0
296 408 344 360 0.300853 0.0312891
296 424 352 368 0.215904 0.0814408
296 440 360 376 0.185748 0.744187
296 456 368 384 0.157218 0.202004
296 472 376 392 0.132776 0.149531
296 488 384 400 0.116959 0.0385497
296 464 368 392 0.229698 0.119312
296 496 384 408 0.168622 0.0326758
296 512 392 416 0.14962 0.0757056
296 528 400 424 0.137632 0.0278179
296 544 408 432 0.124217 0.0428903
296 560 416 440 0.115602 0.0920315
296 552 408 440 0.158024 0.0254437
304 328 312 320 14.3806 0.0979385
304 344 320 328 2.33413 1.51545
304 360 328 336 0.797432 0.498254
304 376 336 344 0.361458 1.38443
304 392 344 352 0.241411 0.877817
304 408 352 360 0.170773 0.62447
304 384 336 352 0.641703 0
304 416 352 368 0.300853 0.0480852
304 432 360 376 0.237722 0.0929965
304 448 368 384 0.193822 0.54648
304 464 376 392 0.165344 0.0427869
304 480 384 400 0.138152 0.151469
304 496 392 408 0.12075 0.0417187
304 472 376 400 0.244176 0.0340991
304 504 392 416 0.16965 0.0349717
304 520 400 424 0.152277 0.0743751
304 536 408 432 0.141039 0
304 552 416 440 0.127225 0
304 568 424 448 0.117262 0.0275867
304 560 416 448 0.160587 0.0374383
312 336 320 328 13.3957 0.0291605
312 352 328 336 2.33413 1.43088
312 368 336 344 0.797432 0.584113
312 384 344 352 0.373616 1.6658
312 400 352 360 0.227104 0.555615
312 416 360 368 0.170773 1.96337
312 392 344 360 0.641703 0.0753662
312 424 360 376 0.340308 0.0316302
312 440 368 384 0.25954 0.170352
312 456 376 392 0.201897 0.527792
312 472 384 400 0.17333 0.0519542
312 488 392 408 0.143299 0.0768715
312 504 400 416 0.122842 0.149937
312 480 384 408 0.258468 0.0249976
312 512 400 424 0.170861 0.0440528
312 528 408 432 0.153628 0.11206
312 544 416 440 0.14191 0.183178
312 560 424 448 0.127225 0.0251258
312 568 424 456 0.160587 0.0419224
320 344 328 336 13.3675 0.0653426
320 360 336 344 2.57507 1.45263
320 376 344 352 0.900306 0.545729
320 392 352 360 0.389527 1.18538
320 408 360 368 0.237657 0.926672
320 424 368 376 0.180043 1.63785
320 400 352 368 0.642314 0.0326866
320 432 368 384 0.36939 0.0694303
320 448 376 392 0.259289 0.0578645
320 464 384 400 0.207814 0.311184
320 480 392 408 0.180712 0
320 496 400 416 0.14449 0.37023
320 512 408 424 0.122842 0.0930347
320 488 392 416 0.254535 0.0523016
320 520 408 432 0.17198 0.0346093
320 536 416 440 0.154476 0.0572665
320 552 424 448 0.143606 0.514806
320 568 432 456 0.128666 0.246864
328 352 336 344 13.051 0.0423285
328 368 344 352 2.66164 0.931644
328 384 352 360 0.936583 0.395426
328 400 360 368 0.42484 1.58505
328 416 368 376 0.250785 1.92129
328 432 376 384 0.188086 1.15957
328 408 360 376 0.681502 0.0775848
328 440 376 392 0.359538 0.0282308
328 456 384 400 0.258965 0.0411593
328 472 392 408 0.213459 0.156632
328 488 400 416 0.176776 0.0869075
328 504 408 424 0.14449 0.466257
328 520 416 432 0.122545 0.123814
328 496 400 424 0.247723 0.160159
328 528 416 440 0.173008 0.0361975
328 544 424 448 0.154822 0.0823091
328 560 432 456 0.145869 0.0246698
336 360 344 352 11.2261 0.0347961
336 376 352 360 3.05608 0.640245
336 392 360 368 0.936583 0.619609
336 408 368 376 0.46067 1.19794
336 424 376 384 0.261543 0.679303
336 440 384 392 0.189628 0.312926
336 416 368 384 0.748085 0.0594139
336 448 384 400 0.339979 0.0333444
336 464 392 408 0.25864 0.0335303
336 480 400 416 0.209136 0.535772
336 496 408 424 0.17284 0.121777
336 512 416 432 0.142927 0.336726
336 528 424 440 0.121952 0.125922
336 504 408 432 0.240687 0.122576
336 536 424 448 0.173522 0.194976
336 552 432 456 0.155504 0.112731
336 568 440 464 0.147408 0.127417
344 368 352 360 12.4793 0.0313018
344 384 360 368 3.05608 0.988017
344 400 368 376 0.936583 0.610132
344 416 376 384 0.497858 2.42821
344 432 384 392 0.289546 0.809883
344 448 392 400 0.189628 0.0942066
344 424 376 392 0.81782 0.0498879
344 456 392 408 0.330793 0.0423808
344 472 400 416 0.258099 0.0333733
344 488 408 424 0.204813 0.432696
344 504 416 432 0.16711 0.0379026
344 520 424 440 0.141163 0.256469
344 536 432 448 0.120948 0.224971
344 512 416 440 0.233651 0.0946902
344 544 432 456 0.172493 0.0280591
344 560 440 464 0.155756 0.0722251
352 376 360 368 11.845 0.046638
352 392 368 376 3.05608 1.07345
352 408 376 384 1.19127 0.432808
352 424 384 392 0.538684 0.736904
352 440 392 400 0.317549 0.387726
352 456 400 408 0.190855 0.550202
352 432 384 400 0.869062 0
352 464 400 416 0.330793 0.0944635
352 480 408 424 0.250962 0.0822639
352 496 416 432 0.199193 0.33216
352 512 424 440 0.161381 0.0288534
352 528 432 448 0.139198 0.257827
352 544 440 456 0.117441 0.0403948
352 520 424 448 0.226615 0.107979
352 552 440 464 0.170563 0.0756147
352 568 448 472 0.155254 0.0773758
360 384 368 376 12.121 0.0322272
360 400 376 384 3.10362 4.3696
360 416 384 392 1.24834 0.65927
360 432 392 400 0.567497 0.856857
360 448 400 408 0.342595 0.228293
360 464 408 416 0.189628 0.816524
360 440 392 408 0.901428 0.0469515
360 472 408 424 0.328565 0.0265773
360 488 416 432 0.239157 0.051457
360 504 424 440 0.193573 0.733029
360 520 432 448 0.155652 0
360 536 440 456 0.135649 0.774738
360 552 448 464 0.115792 0.457838
360 528 432 456 0.222662 0.201165
360 560 448 472 0.169649 0.0993507
368 392 376 384 11.0258 0.0613636
368 408 384 392 3.35171 0.693173
368 424 392 400 1.24834 0.394067
368 440 400 408 0.5912 0.968207
368 456 408 416 0.322495 0.68859
368 472 416 424 0.184854 0.267913
368 448 400 416 0.915336 0.0752033
368 480 416 432 0.322231 0.08235
368 496 424 440 0.227894 0.0773612
368 512 432 448 0.187954 2.15696
368 528 440 456 0.15361 0.270863
368 544 448 464 0.132897 0.276263
368 560 456 472 0.114923 0
368 536 440 464 0.220738 0.198358
368 568 456 480 0.168278 0.110496
376 400 384 392 12.2259 0.105968
376 416 392 400 3.45487 0.607561
376 432 400 408 1.24834 0.126285
376 448 408 416 0.576663 0.682169
376 464 416 424 0.303704 0.676028
376 480 424 432 0.18008 0.685846
376 456 408 424 0.901428 0
376 488 424 440 0.316563 0.0478481
376 504 432 448 0.223226 0.112295
376 520 440 456 0.186657 0.77908
376 536 448 464 0.151816 0.139123
376 552 456 472 0.132102 0.394616
376 568 464 480 0.113969 0.266755
376 544 448 472 0.22 0
384 408 392 400 11.9854 0.0460917
384 424 400 408 3.81339 0.854352
384 440 408 416 1.4269 0.399253
384 456 416 424 0.58116 1.13593
384 472 424 432 0.286356 0.749555
384 488 432 440 0.176533 1.00976
384 464 416 432 0.875876 0.0365468
384 496 432 448 0.312457 0.0953006
384 512 440 456 0.223226 0.0318475
384 528 448 464 0.185742 1.0891
384 544 456 472 0.152556 0.258428
384 560 464 480 0.131508 0.735236
384 552 456 480 0.220224 0.21827
392 416 400 408 17.6671 0.121103
392 432 408 416 3.92522 0.694839
392 448 416 424 1.51882 0.400533
392 464 424 432 0.57695 1.12268
392 480 432 440 0.286356 0.758251
392 496 440 448 0.175945 1.89596
392 472 424 440 0.865018 0.0310229
392 504 440 456 0.312457 0.0733602
392 520 448 464 0.225463 0.0820268
392 536 456 472 0.186504 1.07774
392 552 464 480 0.154034 0.102331
392 568 472 488 0.130852 0.610256
392 560 464 488 0.219458 0.0651963
400 424 408 416 19.0144 0.116213
400 440 416 424 4.44925 1.57023
400 456 424 432 1.51882 0.458049
400 472 432 440 0.587941 0.565868
400 488 440 448 0.286356 0.472288
400 504 448 456 0.175358 0.785131
400 480 432 448 0.868067 0
400 512 448 464 0.316516 0.0278191
400 528 456 472 0.233013 0.167602
400 544 464 480 0.188745 1.86588
400 560 472 488 0.154527 0.145753
400 568 472 496 0.219598 0.152482
408 432 416 424 21.6473 0.0846383
408 448 424 432 4.64204 1.87174
408 464 432 440 1.51882 0.367155
408 480 440 448 0.587941 0.518834
408 496 448 456 0.287665 0.690457
408 512 456 464 0.188606 0.393069
408 488 440 456 0.912174 0
408 520 456 472 0.326438 0
408 536 464 480 0.246139 0.124504
408 552 472 488 0.192464 0.767595
408 568 480 496 0.155762 0.0319398
416 440 424 432 20.838 0.124346
416 456 432 440 4.86139 1.30137
416 472 440 448 1.4684 0.39063
416 488 448 456 0.596649 0.86585
416 504 456 464 0.319109 0.420758
416 520 464 472 0.20542 1.41706
416 496 448 464 0.962576 0.0597789
416 528 464 480 0.346966 0
416 544 472 488 0.258569 0.102349
416 560 480 496 0.19424 1.20141
424 448 432 440 18.6111 0.0296826
424 464 440 448 4.86139 1.53303
424 480 448 456 1.4684 0.58241
424 496 456 464 0.662026 0.423543
424 512 464 472 0.352114 0.505363
424 528 472 480 0.222234 1.37017
424 504 456 472 1.04567 0.0406108
424 536 472 488 0.363435 0.0436863
424 552 480 496 0.267225 0.0839854
424 568 488 504 0.196564 0.500335
432 456 440 448 18.9124 0.101186
432 472 448 456 4.86139 1.31463
432 488 456 464 1.91475 0.174166
432 504 464 472 0.736684 0.515467
432 520 472 480 0.396798 0.887769
432 536 480 488 0.225212 0.628916
432 512 464 480 1.11299 0
432 544 480 496 0.372806 0
432 560 488 504 0.272369 0
440 464 448 456 14.8891 0
440 480 456 464 5.25133 2.11772
440 496 464 472 1.91475 0.424422
440 512 472 480 0.822142 0.612777
440 528 480 488 0.411346 0.347478
440 544 488 496 0.226078 0.819708
440 520 472 488 1.21111 0
440 552 488 504 0.376149 0.0296547
440 568 496 512 0.274941 0.0898087
448 472 456 464 18.5829 0.126124
448 488 464 472 5.25133 2.76857
448 504 472 480 1.86058 0.418215
448 520 480 488 0.859566 0.539043
448 536 488 496 0.423025 0.241253
448 552 496 504 0.229894 0.375509
448 528 480 496 1.27653 0.0446128
448 560 496 512 0.384087 0.063567
456 480 464 472 16.7566 0.0807542
456 496 472 480 5.16829 1.61234
456 512 480 488 1.86058 0.29575
456 528 488 496 0.879001 0.522228
456 544 496 504 0.418359 0.610545
456 560 504 512 0.230759 1.05486
456 536 488 504 1.31363 0.0455243
456 568 504 520 0.390961 0.034231
464 488 472 480 14.0339 0.0681802
464 504 480 488 5.16829 2.11981
464 520 488 496 2.15871 0.309795
464 536 496 504 0.887636 0.381115
464 552 504 512 0.409622 0.208908
464 568 512 520 0.232235 0.656611
464 544 496 512 1.27705 0.0442784
472 496 480 488 19.23 0.0760056
472 512 488 496 5.78699 2.01668
472 528 496 504 2.15871 0.251875
472 544 504 512 0.871678 0.513804
472 560 512 520 0.396812 0.374154
472 552 504 520 1.23877 0
480 504 488 496 19.9766 0.0553073
480 520 496 504 5.94891 1.08264
480 536 504 512 2.04935 0.162065
480 552 512 520 0.853126 0.512634
480 568 520 528 0.390704 0.346241
480 560 512 528 1.19878 0.0316949
488 512 496 504 23.1017 0
488 528 504 512 5.97117 1.85644
488 544 512 520 2.04935 0.261002
488 560 520 528 0.83198 0.410448
488 568 520 536 1.19622 0.0286789
496 520 504 512 25.9321 0.167739
496 536 512 520 6.30459 1.76023
496 552 520 528 2.0727 0.20084
496 568 528 536 0.82809 0.507732
504 528 512 520 24.7507 0.236209
504 544 520 528 6.50321 1.98642
504 560 528 536 2.11181 0.255903
512 536 520 528 27.4633 0.113788
512 552 528 536 6.5032 1.33268
512 568 536 544 2.09226 0.0980959
520 544 528 536 25.6512 0.0430722
520 560 536 544 6.50321 2.00889
528 552 536 544 25.3145 0.226787
528 568 544 552 6.52821 3.55368
536 560 544 552 28.0229 0.452121
544 568 552 560 25.4767 2.52388
